3  3  1  0.910428
8  8  1  0.993625
8  8  1  0.828699
0  0  1  0.919626
6  6  1  0.829773
6  6  1  0.761868
1  3  0  0.439938
6  6  1  0.938537
3  3  1  0.678419
1  1  1  0.890295
0  0  1  0.642425
9  9  1  0.999777
5  5  1  0.519324
7  7  1  0.999079
9  9  1  0.994837
8  8  1  0.895905
5  5  1  0.968588
7  7  1  0.923251
8  8  1  0.999869
6  6  1  0.999854
7  7  1  0.729148
0  2  0  0.773871
4  4  1  0.798722
9  9  1  0.999617
5  4  0  0.980807
2  2  1  0.828273
4  4  1  0.747757
0  0  1  0.692626
9  9  1  0.99728
6  6  1  0.986394
6  6  1  0.843112
5  5  1  0.824651
4  4  1  0.492665
5  5  1  0.640629
9  9  1  0.999501
2  3  0  0.915894
4  4  1  0.552321
1  1  1  0.768383
9  9  1  0.999672
5  5  1  0.990607
4  4  1  0.613754
6  6  1  0.998745
5  7  0  0.464011
6  6  1  0.99182
0  0  1  0.909646
9  9  1  0.998001
3  3  1  0.692917
9  9  1  0.972009
7  7  1  0.858763
6  6  1  0.901998
9  9  1  0.995939
8  8  1  0.931498
0  7  0  0.539496
3  3  1  0.920311
8  8  1  0.991207
8  8  1  0.970465
7  7  1  0.405892
7  5  0  0.574394
4  6  0  0.306331
6  3  0  0.46938
7  7  1  0.999658
3  5  0  0.82027
6  6  1  0.943217
3  3  1  0.851605
6  6  1  0.989147
2  2  1  0.900688
1  1  1  0.78863
2  2  1  0.973351
3  3  1  0.812422
7  7  1  0.633367
2  2  1  0.294555
6  3  0  0.498177
8  8  1  0.998606
8  8  1  0.996991
0  0  1  0.814246
2  2  1  0.987191
9  0  0  0.893673
3  3  1  0.958921
3  3  1  0.507211
8  8  1  0.999828
8  8  1  0.991596
1  1  1  0.711878
1  1  1  0.999908
7  7  1  0.927581
2  2  1  0.792563
5  7  0  0.788298
2  2  1  0.412032
7  9  0  0.494735
8  8  1  0.876896
9  9  1  0.996184
0  0  1  0.989569
3  6  0  0.491263
8  8  1  0.999418
6  6  1  0.990893
4  4  1  0.474687
6  6  1  0.980693
6  6  1  0.889747
0  0  1  0.564429
0  0  1  0.955735
7  3  0  0.47518
4  7  0  0.458521
5  5  1  0.45978
6  6  1  0.996762
3  3  1  0.935377
1  1  1  0.999181
1  1  1  0.999009
3  2  0  0.556077
6  6  1  0.998438
8  8  1  0.969964
7  7  1  0.983619
4  4  1  0.886668
0  0  1  0.987086
6  2  0  0.541697
2  2  1  0.659805
1  1  1  0.776987
3  3  1  0.744072
0  0  1  0.936022
4  4  1  0.981991
2  3  0  0.320862
7  7  1  0.523837
8  8  1  0.927502
3  3  1  0.909052
1  1  1  0.990177
2  2  1  0.969648
8  8  1  0.891707
0  2  0  0.702062
8  8  1  0.632226
3  3  1  0.932943
5  3  0  0.528638
2  2  1  0.565226
4  4  1  0.855736
1  1  1  0.997573
8  8  1  0.897597
9  9  1  0.999999
1  1  1  0.954881
2  2  1  0.457067
9  9  1  0.945772
7  7  1  0.995601
2  2  1  0.486255
9  8  0  0.784214
6  6  1  0.563753
5  5  1  0.989932
6  6  1  0.976557
3  5  0  0.497965
8  8  1  0.994193
7  3  0  0.295281
6  6  1  0.981117
2  5  0  0.860467
5  5  1  0.970659
2  2  1  0.80023
8  8  1  0.96312
9  9  1  0.892022
6  6  1  0.703146
0  0  1  0.560135
0  0  1  0.551967
5  5  1  0.914634
2  2  1  0.520806
9  9  1  0.996817
5  5  1  0.507885
4  4  1  0.982639
2  0  0  0.485445
1  1  1  0.99701
6  3  0  0.4796
6  6  1  0.869718
8  0  0  0.805164
4  4  1  0.482847
8  8  1  0.991072
4  6  0  0.452175
5  7  0  0.859154
0  0  1  0.6483
9  9  1  0.991796
9  3  0  0.566998
9  9  1  0.822138
8  8  1  0.961755
9  9  1  0.999328
9  9  1  0.999797
3  6  0  0.692365
7  7  1  0.936665
5  5  1  0.563454
0  9  0  0.555721
0  0  1  0.663896
5  5  1  0.994441
2  2  1  0.999488
2  2  1  0.426704
3  3  1  0.499046
8  8  1  0.999581
6  6  1  0.954505
3  3  1  0.698282
4  3  0  0.745908
0  8  0  0.99584
5  2  0  0.670432
8  8  1  0.806127
0  4  0  0.727182
1  1  1  0.953601
7  7  1  0.718293
2  3  0  0.330651
8  8  1  0.992006
8  8  1  0.705264
7  7  1  0.966199
8  8  1  0.95762
5  5  1  0.786818
1  9  0  0.342395
8  8  1  0.995093
7  7  1  0.999147
1  1  1  0.974749
3  3  1  0.914726
0  0  1  0.747445
5  5  1  0.838031
7  7  1  0.999905
9  9  1  0.992451
7  5  0  0.604335
4  8  0  0.629161
5  5  1  0.75534
9  9  1  0.784779
8  8  1  0.953473
0  2  0  0.291499
7  7  1  0.995084
9  9  1  0.991319
8  3  0  0.410091
2  2  1  0.763381
7  7  1  0.725426
6  3  0  0.397674
9  9  1  0.999974
4  5  0  0.419423
3  3  1  0.60906
9  9  1  0.983388
6  3  0  0.314937
4  4  1  0.668258
7  3  0  0.480702
6  2  0  0.403194
5  5  1  0.923267
1  1  1  0.770467
5  3  0  0.492789
8  1  0  0.719978
8  8  1  0.979739
0  0  1  0.999995
4  4  1  0.879391
0  7  0  0.809804
5  3  0  0.84382
5  5  1  0.640748
1  1  1  0.999996
1  1  1  0.933143
8  1  0  0.428035
9  9  1  0.992263
0  0  1  0.927946
3  6  0  0.586533
1  1  1  0.802897
9  1  0  0.412522
2  2  1  0.978861
2  0  0  0.846289
5  5  1  0.514793
3  3  1  0.92777
9  9  1  0.999885
9  9  1  0.868414
4  6  0  0.393426
0  0  1  0.459385
3  6  0  0.656102
0  0  1  0.995571
0  8  0  0.954575
9  9  1  0.90777
8  8  1  0.890382
1  1  1  0.959313
5  3  0  0.469901
7  3  0  0.805145
0  8  0  0.533068
8  8  1  0.733243
2  5  0  0.219374
4  4  1  0.999064
7  7  1  0.924843
0  0  1  0.30094
2  2  1  0.537459
3  3  1  0.656622
6  6  1  0.999299
3  3  1  0.579795
8  8  1  0.998941
5  5  1  0.724718
0  0  1  0.997815
3  2  0  0.444568
4  4  1  0.341479
3  5  0  0.952153
9  9  1  0.958692
0  0  1  0.383472
6  6  1  0.771849
1  1  1  0.99969
0  9  0  0.974031
9  9  1  0.999901
1  1  1  0.997352
0  8  0  0.817168
7  7  1  0.994171
9  9  1  0.989349
1  1  1  0.999789
2  2  1  0.988189
6  6  1  0.995815
9  1  0  0.795645
3  3  1  0.953519
4  4  1  0.526942
6  6  1  0.999672
0  0  1  0.985758
0  0  1  0.892393
6  6  1  0.998374
6  6  1  0.998465
6  6  1  0.977391
3  5  0  0.569756
2  2  1  0.647149
6  6  1  0.857604
1  1  1  0.983708
8  9  0  0.979636
2  2  1  0.814407
1  1  1  0.760399
6  4  0  0.476121
8  1  0  0.745676
6  6  1  0.99999
8  0  0  0.896094
0  2  0  0.381185
4  4  1  0.365078
0  0  1  0.948048
7  7  1  0.769258
7  7  1  0.961089
5  5  1  0.991461
5  5  1  0.917998
3  5  0  0.507855
5  3  0  0.64661
2  2  1  0.643073
3  3  1  0.340013
4  7  0  0.364636
1  1  1  0.887344
7  7  1  0.995018
5  5  1  0.847406
4  4  1  0.817389
6  6  1  0.991458
1  1  1  0.987566
9  9  1  0.983008
3  3  1  0.576082
6  6  1  0.999588
6  6  1  0.998126
9  9  1  0.525495
3  3  1  0.918085
8  8  1  0.97856
0  0  1  0.944043
7  7  1  0.99733
2  4  0  0.754372
6  6  1  0.991323
2  2  1  0.684204
5  3  0  0.356015
8  8  1  0.922396
5  5  1  0.851564
4  4  1  0.632716
6  6  1  0.797104
8  8  1  0.988101
9  9  1  0.997258
9  9  1  0.998115
1  1  1  0.971659
0  0  1  0.689154
2  2  1  0.998664
2  6  0  0.591017
7  7  1  0.644399
3  6  0  0.332234
2  2  1  0.436745
8  8  1  0.981326
0  0  1  0.964421
9  9  1  0.999137
5  5  1  0.862781
8  8  1  0.999765
1  1  1  0.850171
9  9  1  0.999686
4  4  1  0.646863
1  9  0  0.581717
3  2  0  0.440712
8  4  0  0.531918
1  1  1  0.985287
4  3  0  0.468256
7  7  1  0.998046
9  9  1  0.999509
4  4  1  0.518583
2  2  1  0.993556
7  7  1  0.942929
0  9  0  0.806053
7  7  1  0.500012
0  8  0  0.494903
6  6  1  0.98247
6  6  1  0.989026
9  9  1  0.955447
0  0  1  0.998817
9  9  1  0.446991
2  5  0  0.640078
8  0  0  0.775718
7  7  1  0.991098
2  5  0  0.360694
2  5  0  0.771253
5  5  1  0.874334
1  1  1  0.99944
2  2  1  0.971975
6  6  1  0.999374
2  2  1  0.360216
9  9  1  0.886245
6  6  1  0.993903
2  2  1  0.765967
3  3  1  0.899948
0  0  1  0.866835
3  1  0  0.518314
9  9  1  0.997261
8  1  0  0.95607
7  7  1  0.871126
8  8  1  0.958571
8  8  1  0.864717
4  4  1  0.438302
0  0  1  0.997972
1  1  1  0.963284
8  8  1  0.987996
2  2  1  0.504133
7  7  1  0.964431
9  8  0  0.393264
3  5  0  0.577603
6  6  1  0.989752
1  1  1  0.919684
9  9  1  0.998531
0  3  0  0.444583
7  7  1  0.651143
3  3  1  0.301946
7  7  1  0.792858
4  4  1  0.965243
5  4  0  0.594447
0  0  1  0.64687
0  0  1  0.55746
2  2  1  0.713103
9  9  1  0.980099
3  6  0  0.645637
4  3  0  0.296937
0  6  0  0.920684
6  6  1  0.998504
2  4  0  0.700557
5  3  0  0.590599
3  3  1  0.685552
7  3  0  0.454806
3  9  0  0.550943
7  7  1  0.980398
2  3  0  0.623183
5  5  1  0.613528
3  3  1  0.769946
1  9  0  0.485148
1  1  1  0.997206
4  4  1  0.456957
9  9  1  0.998415
9  9  1  0.801795
5  3  0  0.92281
7  7  1  0.857384
5  5  1  0.480802
0  0  1  0.989059
2  2  1  0.801944
2  0  0  0.494318
2  6  0  0.847353
9  9  1  0.982592
7  7  1  0.942195
3  4  0  0.652451
9  9  1  0.99535
4  4  1  0.305451
3  4  0  0.676371
5  4  0  0.54538
4  3  0  0.379346
6  3  0  0.330942
5  5  1  0.523074
6  6  1  0.865601
1  1  1  0.954534
4  4  1  0.752457
3  3  1  0.595057
4  4  1  0.909001
4  7  0  0.724521
3  3  1  0.882173
7  7  1  0.728784
8  8  1  0.927028
3  3  1  0.741584
7  7  1  0.996924
8  8  1  0.99973
0  0  1  0.547336
5  5  1  0.849399
7  7  1  0.998922
6  6  1  0.359427
0  9  0  0.756241
5  5  1  0.803577
4  4  1  0.683908
8  9  0  0.577455
6  6  1  0.997769
8  8  1  0.919611
5  3  0  0.362261
5  5  1  0.836396
9  9  1  0.759657
9  9  1  0.998431
9  9  1  0.89168
5  4  0  0.656781
0  0  1  0.979482
1  1  1  0.994696
0  4  0  0.706146
8  8  1  0.954078
1  1  1  0.999696
1  1  1  0.976926
8  8  1  0.998926
0  0  1  0.997375
2  2  1  0.533353
2  2  1  0.957591
0  0  1  0.738967
4  4  1  0.754792
6  6  1  0.969329
5  3  0  0.508082
4  4  1  0.816807
9  9  1  0.978619
4  4  1  0.995643
7  7  1  0.894196
9  9  1  0.992585
9  9  1  0.782476
4  4  1  0.991397
5  5  1  0.842704
6  6  1  0.999924
6  6  1  0.999817
1  1  1  0.760661
5  5  1  0.958025
3  6  0  0.445822
8  8  1  0.999763
9  9  1  0.815547
5  3  0  0.515398
8  8  1  0.93268
5  5  1  0.742905
7  7  1  0.999523
0  0  1  0.904662
7  7  1  0.988185
0  0  1  0.988005
5  3  0  0.289249
0  8  0  0.275212
0  0  1  0.987618
4  0  0  0.523507
6  6  1  0.988546
9  9  1  0.764071
0  3  0  0.376197
9  1  0  0.725946
5  5  1  0.968188
6  6  1  0.999301
6  6  1  0.996947
6  6  1  0.991538
2  6  0  0.722743
9  8  0  0.724442
0  9  0  0.448946
1  1  1  0.999455
7  7  1  0.873969
6  6  1  0.995118
7  7  1  0.999005
5  5  1  0.999309
9  9  1  0.990467
1  1  1  0.999386
6  6  1  0.997548
2  6  0  0.370864
5  3  0  0.559312
5  5  1  0.486307
5  5  1  0.411714
8  8  1  0.97034
5  3  0  0.544128
9  9  1  0.998299
4  4  1  0.72223
6  6  1  0.827402
4  4  1  0.999152
3  3  1  0.956209
2  2  1  0.991451
0  0  1  0.999932
7  7  1  0.973957
6  6  1  0.76251
2  2  1  0.396565
2  2  1  0.697714
3  5  0  0.646893
9  9  1  0.977121
7  3  0  0.489333
9  6  0  0.52681
2  2  1  0.809227
6  6  1  0.582337
7  7  1  0.999448
1  1  1  0.970891
3  3  1  0.721662
6  6  1  0.786589
6  6  1  0.918844
8  8  1  0.999654
9  8  0  0.754867
7  7  1  0.978638
5  2  0  0.375701
4  4  1  0.982329
0  0  1  0.843218
8  8  1  0.976976
4  7  0  0.587304
0  0  1  0.991606
9  9  1  0.657872
3  5  0  0.521024
4  4  1  0.833181
8  8  1  0.998822
9  9  1  0.999994
6  6  1  0.946319
9  9  1  0.812309
2  2  1  0.998224
6  6  1  0.919498
1  1  1  0.973984
4  4  1  0.944167
7  7  1  0.826991
3  9  0  0.679707
5  5  1  0.481027
3  3  1  0.910173
8  8  1  0.986524
5  3  0  0.58116
0  0  1  0.988663
2  2  1  0.991556
1  1  1  0.999979
6  6  1  0.998922
4  4  1  0.969059
3  3  1  0.550712
3  3  1  0.961486
9  9  1  0.996846
6  6  1  0.903075
9  9  1  0.93497
8  8  1  0.99948
8  8  1  0.993589
5  5  1  0.833582
8  8  1  0.80738
6  6  1  0.850927
6  3  0  0.57952
2  2  1  0.358016
1  1  1  0.999529
7  7  1  0.889331
7  1  0  0.681025
1  1  1  0.999023
2  5  0  0.447211
7  7  1  0.991938
9  9  1  0.998467
9  9  1  0.985427
4  4  1  0.86422
4  4  1  0.95476
1  1  1  0.873105
2  0  0  0.397161
5  3  0  0.389487
6  6  1  0.985549
8  8  1  0.603929
7  7  1  0.797726
6  6  1  0.666408
8  8  1  0.995911
3  3  1  0.258251
0  0  1  0.837072
5  5  1  0.698086
5  3  0  0.729475
3  3  1  0.557931
0  0  1  0.848551
7  7  1  0.999885
9  9  1  0.90483
1  1  1  0.991209
3  3  1  0.618266
4  4  1  0.250041
4  4  1  0.883634
5  5  1  0.911009
3  3  1  0.888901
9  9  1  0.928962
5  5  1  0.702989
6  6  1  0.926667
9  9  1  0.97143
2  2  1  0.638021
1  1  1  0.998725
1  1  1  0.867438
4  4  1  0.485808
1  1  1  0.966361
9  9  1  0.997583
4  4  1  0.67725
7  7  1  0.999515
6  6  1  0.586157
3  3  1  0.968759
8  0  0  0.807472
9  9  1  0.998944
0  0  1  0.990669
1  1  1  0.82284
3  5  0  0.820593
6  6  1  0.998746
3  7  0  0.466172
6  5  0  0.402396
3  3  1  0.808841
2  2  1  0.454513
0  8  0  0.384412
3  4  0  0.915125
1  9  0  0.569885
0  5  0  0.47639
5  5  1  0.556992
9  9  1  0.922212
6  6  1  0.999156
4  4  1  0.865856
8  1  0  0.860455
9  9  1  0.970378
6  4  0  0.562506
9  9  1  0.989295
6  6  1  0.540602
3  6  0  0.483333
0  3  0  0.305994
3  3  1  0.429862
2  2  1  0.990227
2  2  1  0.546502
7  7  1  0.994398
8  8  1  0.996056
3  3  1  0.749857
8  8  1  0.770404
2  2  1  0.572307
7  7  1  0.951595
5  5  1  0.835069
7  7  1  0.992743
2  0  0  0.844703
4  4  1  0.915763
8  8  1  0.917171
7  7  1  0.739277
4  4  1  0.798538
2  0  0  0.958103
9  9  1  0.440235
8  8  1  0.472432
8  8  1  0.998153
6  6  1  0.497228
8  0  0  0.979294
8  8  1  0.999853
7  7  1  0.929564
4  4  1  0.793695
3  3  1  0.540047
3  3  1  0.782442
8  8  1  0.419071
4  4  1  0.802174
9  9  1  0.781514
4  7  0  0.501279
8  8  1  0.978385
8  8  1  0.994774
1  1  1  0.994734
8  8  1  0.945272
2  0  0  0.275141
1  1  1  0.983798
3  2  0  0.492175
6  6  1  0.946549
5  5  1  0.702269
4  4  1  0.703953
2  1  0  0.742457
7  7  1  0.999799
9  9  1  0.864671
9  1  0  0.58659
4  6  0  0.371383
1  9  0  0.64786
4  4  1  0.659682
1  1  1  0.992563
3  5  0  0.810294
2  5  0  0.831478
7  7  1  0.946701
0  0  1  0.853264
7  7  1  0.999678
9  1  0  0.491698
7  7  1  0.998889
6  6  1  0.612971
6  6  1  0.996553
2  2  1  0.735133
5  3  0  0.714801
9  9  1  0.999568
2  0  0  0.653568
9  9  1  0.942205
1  1  1  0.972034
2  2  1  0.889423
2  2  1  0.330753
6  6  1  0.996629
8  8  1  0.990637
2  2  1  0.843682
1  1  1  0.997588
3  3  1  0.63442
6  5  0  0.488773
6  6  1  0.985983
0  0  1  0.964686
1  1  1  0.911499
2  2  1  0.942358
7  4  0  0.491984
0  9  0  0.58418
5  5  1  0.526972
4  4  1  0.496372
6  5  0  0.649418
1  9  0  0.626275
6  6  1  0.998244
4  4  1  0.817214
0  0  1  0.733921
2  4  0  0.32669
2  2  1  0.432916
6  6  1  0.996504
0  0  1  0.999151
5  6  0  0.99786
9  9  1  0.991192
1  1  1  0.9997
7  7  1  0.997725
6  6  1  0.782098
7  7  1  0.772684
0  0  1  0.917885
3  3  1  0.908049
9  9  1  0.92701
6  6  1  0.754698
8  8  1  0.99813
3  0  0  0.951048
0  0  1  0.999573
3  3  1  0.41466
4  5  0  0.582629
7  7  1  0.725827
7  5  0  0.82365
1  4  0  0.891285
4  4  1  0.825278
7  7  1  0.414118
2  4  0  0.610408
7  7  1  0.999985
1  1  1  0.99999
4  2  0  0.662701
7  7  1  0.997417
4  4  1  0.369569
4  4  1  0.712447
8  8  1  0.826093
4  4  1  0.901991
7  7  1  0.963728
7  2  0  0.351501
5  3  0  0.692938
3  5  0  0.783843
7  7  1  0.784667
2  2  1  0.995955
0  9  0  0.638289
8  8  1  0.999303
9  9  1  0.921097
5  3  0  0.778246
8  8  1  0.823295
3  4  0  0.320872
6  3  0  0.362784
2  7  0  0.554886
0  0  1  0.968245
8  8  1  0.987886
7  7  1  0.999774
3  3  1  0.579589
7  7  1  0.297021
6  6  1  0.999476
5  5  1  0.979625
3  3  1  0.682956
1  1  1  0.753236
3  3  1  0.48147
2  2  1  0.929195
2  2  1  0.928104
5  4  0  0.417977
4  4  1  0.779458
1  9  0  0.586587
2  2  1  0.790706
9  9  1  0.985978
2  2  1  0.995122
7  7  1  0.999996
0  0  1  0.88543
7  7  1  0.999973
2  6  0  0.686114
1  1  1  0.519952
3  3  1  0.883814
2  2  1  0.893463
0  0  1  0.997262
2  6  0  0.478892
4  4  1  0.851767
7  3  0  0.355506
9  9  1  0.670067
8  8  1  0.997248
9  1  0  0.994503
0  0  1  0.991853
7  3  0  0.504083
7  7  1  0.762384
0  0  1  0.782517
7  7  1  0.998738
8  8  1  0.870386
4  4  1  0.794309
6  6  1  0.96935
3  6  0  0.953686
3  5  0  0.540947
0  0  1  0.996602
1  1  1  0.991108
3  3  1  0.644881
7  7  1  0.352753
0  0  1  0.997958
1  1  1  0.838537
3  3  1  0.435654
1  1  1  0.999973
4  4  1  0.505986
2  2  1  0.92412
3  3  1  0.986375
8  8  1  0.970327
4  4  1  0.779693
2  3  0  0.35951
3  3  1  0.374908
7  7  1  0.992415
8  8  1  0.974952
4  4  1  0.918906
3  0  0  0.677166
0  0  1  0.906617
9  9  1  0.934261
0  0  1  0.72101
0  9  0  0.388047
1  1  1  0.880689
0  1  0  0.296504
4  6  0  0.781675
4  4  1  0.554528
6  6  1  0.952808
7  7  1  0.861266
6  3  0  0.660902
1  1  1  0.992458
1  9  0  0.663117
3  3  1  0.958485
7  7  1  0.92549
3  5  0  0.614369
5  5  1  0.924759
2  6  0  0.381289
6  6  1  0.624785
6  6  1  0.999851
5  5  1  0.725692
8  0  0  0.562843
7  7  1  0.845324
1  1  1  0.980371
6  6  1  0.934009
8  8  1  0.915237
8  8  1  0.999171
5  5  1  0.837278
3  3  1  0.973573
0  3  0  0.771173
4  4  1  0.780569
0  0  1  0.945487
1  1  1  0.999128
3  3  1  0.320973
8  8  1  0.923204
8  8  1  0.993378
0  0  1  0.920493
6  6  1  0.995009
9  9  1  0.999755
9  9  1  0.835065
9  9  1  0.519829
5  7  0  0.559805
5  3  0  0.611449
8  8  1  0.875367
6  6  1  0.580436
0  2  0  0.727157
0  0  1  0.989246
4  4  1  0.79206
2  2  1  0.780218
3  3  1  0.910099
2  3  0  0.523016
7  7  1  0.999998
2  3  0  0.40202
2  2  1  0.643534
5  5  1  0.99597
9  1  0  0.84071
8  8  1  0.987834
9  9  1  0.921812
1  1  1  0.656772
7  7  1  0.934474
4  4  1  0.938545
0  0  1  0.985404
3  7  0  0.462841
0  0  1  0.991505
1  1  1  0.914661
3  3  1  0.772365
8  8  1  0.999955
3  3  1  0.498074
9  9  1  0.995547
6  6  1  0.97639
1  9  0  0.389464
4  4  1  0.83485
7  7  1  0.995314
0  8  0  0.94963
3  6  0  0.467331
7  7  1  0.959992
8  8  1  0.99998
9  9  1  0.981484
1  1  1  0.55932
1  1  1  0.869002
6  6  1  0.993525
6  6  1  0.89648
6  5  0  0.436032
6  6  1  0.735599
9  9  1  0.948473
1  1  1  0.999519
9  9  1  0.991766
9  9  1  0.925327
4  4  1  0.980049
2  4  0  0.363565
1  1  1  0.997736
7  7  1  0.753746
0  0  1  0.999228
6  6  1  0.645363
8  8  1  0.965999
1  1  1  0.982681
9  9  1  0.993984
2  6  0  0.345575
9  9  1  0.657307
0  2  0  0.750419
4  4  1  0.933591
7  7  1  0.997279
8  8  1  0.995644
3  3  1  0.906583
1  1  1  0.946586
2  2  1  0.430434
0  0  1  0.814954
1  1  1  0.999837
5  3  0  0.708453
8  8  1  0.998417
4  7  0  0.873711
6  6  1  0.613308
3  5  0  0.487637
8  8  1  0.940929
1  1  1  0.945614
3  3  1  0.974582
8  8  1  0.999516
5  5  1  0.921658
0  0  1  0.790596
8  8  1  0.710882
4  4  1  0.936773
8  8  1  0.991416
1  1  1  0.994337
1  1  1  0.99758
8  0  0  0.742581
9  9  1  0.379034
6  6  1  0.854327
0  0  1  0.999855
8  8  1  0.999788
6  5  0  0.823195
1  1  1  0.999792
3  3  1  0.71322
4  4  1  0.787548
1  1  1  0.957765
6  6  1  0.992439
0  0  1  0.967931
5  3  0  0.682206
1  1  1  0.998165
1  1  1  0.998055
0  0  1  0.761267
0  0  1  0.8979
3  3  1  0.69667
5  5  1  0.813385
0  2  0  0.499027
0  0  1  0.807959
6  6  1  0.976748
6  6  1  0.999809
3  3  1  0.641643
3  3  1  0.869042
6  6  1  0.762597
3  3  1  0.767963
6  6  1  0.622192
6  6  1  0.447631
0  0  1  0.573603
7  7  1  0.980686
2  2  1  0.998289
2  4  0  0.564667
7  3  0  0.828159
5  5  1  0.784558
5  5  1  0.387879
2  2  1  0.860271
8  8  1  0.983996
5  5  1  0.458239
2  2  1  0.937777
1  1  1  0.664489
1  1  1  0.894206
4  1  0  0.999346
3  0  0  0.853018
2  2  1  0.58983
0  0  1  0.996423
3  5  0  0.820497
1  1  1  0.993849
5  5  1  0.823967
3  5  0  0.907735
7  5  0  0.40466
6  3  0  0.525021
8  8  1  0.848953
9  9  1  0.999776
1  1  1  0.734155
6  6  1  0.882117
4  4  1  0.973147
9  3  0  0.644488
3  3  1  0.411501
9  9  1  0.800523
0  0  1  0.996802
9  9  1  0.996597
6  6  1  0.99963
3  3  1  0.91387
6  6  1  0.999516
0  8  0  0.973245
7  7  1  0.999988
3  3  1  0.719154
8  8  1  0.861662
0  0  1  0.989564
0  0  1  0.99997
0  0  1  0.999761
6  6  1  0.958293
6  6  1  0.995261
6  6  1  0.994951
9  9  1  0.845607
2  2  1  0.341052
5  5  1  0.744171
4  4  1  0.993487
4  4  1  0.822299
6  6  1  0.9707
3  5  0  0.749665
6  6  1  0.999499
0  0  1  0.834208
8  8  1  0.99958
6  6  1  0.416292
0  0  1  0.376171
6  3  0  0.425602
2  2  1  0.934278
7  7  1  0.998835
5  5  1  0.97541
1  1  1  0.997775
2  2  1  0.823721
7  5  0  0.366448
8  8  1  0.99492
8  8  1  0.998668
0  0  1  0.835028
9  9  1  0.921173
4  3  0  0.654825
9  9  1  0.998012
7  7  1  0.998654
2  2  1  0.873883
0  0  1  0.777233
2  2  1  0.993834
8  8  1  0.991134
3  7  0  0.480641
8  8  1  0.805221
9  9  1  0.947341
1  1  1  0.995924
5  5  1  0.621852
5  5  1  0.65427
4  4  1  0.63501
7  7  1  0.99996
5  5  1  0.633987
3  3  1  0.450879
8  8  1  0.926654
3  3  1  0.610482
3  2  0  0.75527
6  6  1  0.975259
2  0  0  0.955445
8  8  1  0.983066
4  5  0  0.626631
3  3  1  0.443884
7  7  1  0.918615
1  9  0  0.961897
2  2  1  0.357502
4  4  1  0.75173
1  1  1  0.595923
6  3  0  0.615842
9  9  1  0.992526
0  4  0  0.332841
5  3  0  0.4793
8  8  1  0.997943
6  6  1  0.988709
1  1  1  0.92527
8  8  1  0.997437
6  6  1  0.964754
1  1  1  0.813498
4  4  1  0.488041
2  2  1  0.677918
6  3  0  0.378613
2  2  1  0.921443
7  9  0  0.711867
2  4  0  0.88981
2  6  0  0.526302
0  0  1  0.927834
8  8  1  0.674876
6  6  1  0.997155
9  9  1  0.933899
1  1  1  0.979136
7  7  1  0.606079
1  1  1  0.969652
8  8  1  0.666051
8  8  1  0.994009
0  0  1  0.954181
7  7  1  0.998902
3  7  0  0.427483
8  8  1  0.986737
0  0  1  0.631219
3  3  1  0.792703
4  3  0  0.762293
3  3  1  0.58635
7  7  1  0.811873
7  7  1  0.905885
9  9  1  0.997599
2  7  0  0.583834
3  3  1  0.990699
1  1  1  0.866285
9  9  1  0.954541
1  1  1  0.998597
9  1  0  0.607128
6  2  0  0.961463
3  3  1  0.977011
3  3  1  0.932117
3  6  0  0.542021
1  1  1  0.999839
0  0  1  0.865552
6  6  1  0.744658
1  1  1  0.896117
4  4  1  0.589386
1  1  1  0.997566
0  0  1  0.993683
0  0  1  0.734505
1  1  1  0.993272
1  1  1  0.895273
6  6  1  0.452942
5  3  0  0.576988
4  4  1  0.975102
6  6  1  0.980928
2  2  1  0.994581
0  0  1  0.999522
7  7  1  0.99961
9  9  1  0.576181
8  8  1  0.998123
7  7  1  0.993675
2  2  1  0.994882
0  0  1  0.937169
6  6  1  0.997812
8  8  1  0.842617
1  1  1  0.999718
4  4  1  0.330456
3  8  0  0.197737
7  7  1  0.980972
0  0  1  0.991375
6  6  1  0.919064
1  1  1  0.966819
8  8  1  0.939855
5  5  1  0.999614
7  7  1  0.999886
8  8  1  0.498927
4  4  1  0.93069
8  8  1  0.577808
3  5  0  0.589975
9  3  0  0.645039
9  9  1  0.952125
9  1  0  0.761405
8  0  0  0.694427
7  7  1  0.699396
6  6  1  0.817495
6  6  1  0.979253
3  5  0  0.829826
5  3  0  0.525132
1  1  1  0.999287
5  5  1  0.572816
9  9  1  0.984608
1  1  1  0.983211
4  4  1  0.485052
1  1  1  0.978736
5  5  1  0.958454
7  3  0  0.582775
0  0  1  0.658125
1  1  1  0.998893
5  3  0  0.811984
2  6  0  0.530124
0  1  0  0.496461
8  1  0  0.792911
8  8  1  0.985472
5  3  0  0.438643
6  6  1  0.607658
7  7  1  0.759144
3  2  0  0.597577
2  2  1  0.302965
4  4  1  0.878892
7  7  1  0.999824
2  2  1  0.912344
5  5  1  0.870402
8  1  0  0.886416
2  2  1  0.926351
4  4  1  0.896482
9  9  1  0.582778
2  2  1  0.999059
1  1  1  0.713563
8  8  1  0.999967
1  1  1  0.962094
9  9  1  0.410892
8  8  1  0.996771
8  8  1  0.717237
8  8  1  0.890762
9  1  0  0.606373
0  0  1  0.515087
4  4  1  0.873946
3  4  0  0.446109
3  3  1  0.62098
1  1  1  0.528334
8  8  1  0.999743
4  4  1  0.334644
6  6  1  0.825654
3  3  1  0.642351
3  7  0  0.381574
5  1  0  0.477608
2  2  1  0.679486
2  2  1  0.988418
8  8  1  0.328795
3  3  1  0.683062
8  8  1  0.999876
9  9  1  0.995289
5  5  1  0.517081
8  5  0  0.604827
9  9  1  0.7656
8  8  1  0.949121
9  9  1  0.965169
1  1  1  0.99953
6  6  1  0.994671
5  7  0  0.492989
9  9  1  0.888281
4  6  0  0.876641
4  4  1  0.714451
8  8  1  0.576928
0  0  1  0.998947
7  7  1  0.961689
2  0  0  0.869495
9  9  1  0.998046
7  7  1  0.874481
4  3  0  0.559049
1  1  1  0.999938
6  6  1  0.910827
4  4  1  0.764802
4  8  0  0.527992
9  8  0  0.560767
1  1  1  0.434443
2  0  0  0.577888
5  5  1  0.404638
6  6  1  0.919316
0  0  1  0.989466
8  8  1  0.997414
6  6  1  0.975947
1  1  1  0.998141
9  9  1  0.999325
4  4  1  0.706791
5  5  1  0.988954
9  9  1  0.999961
5  3  0  0.503096
0  0  1  0.789502
7  7  1  0.976812
2  2  1  0.417151
0  9  0  0.767371
0  0  1  0.908992
4  4  1  0.972027
2  4  0  0.515009
6  6  1  0.899448
6  6  1  0.999927
5  3  0  0.509183
5  5  1  0.593466
2  2  1  0.312495
8  8  1  0.798593
1  1  1  0.928604
7  7  1  0.380196
3  2  0  0.857311
1  1  1  0.989761
4  4  1  0.679453
5  5  1  0.549362
6  6  1  0.997462
5  5  1  0.487514
1  1  1  0.970611
4  4  1  0.920372
7  6  0  0.440934
0  0  1  0.991896
9  9  1  0.814155
4  4  1  0.729219
3  9  0  0.821566
8  8  1  0.999419
2  2  1  0.360185
8  8  1  0.99987
4  4  1  0.396914
7  7  1  0.999949
2  2  1  0.509868
3  4  0  0.394209
1  1  1  0.999783
5  3  0  0.532408
2  3  0  0.50183
9  9  1  0.980037
8  8  1  0.989824
9  9  1  0.999991
7  7  1  0.761643
9  9  1  0.994462
5  5  1  0.926605
1  1  1  0.996585
4  4  1  0.986647
0  0  1  0.967485
8  8  1  0.984567
2  2  1  0.860817
3  3  1  0.921221
8  8  1  0.997543
9  9  1  0.991267
1  1  1  0.505157
1  9  0  0.789579
3  5  0  0.766897
2  0  0  0.508268
4  4  1  0.958784
9  9  1  0.898055
3  7  0  0.460132
1  1  1  0.987316
7  7  1  0.755075
4  5  0  0.537975
6  6  1  0.986614
2  0  0  0.932962
8  8  1  0.658081
9  9  1  0.996959
5  5  1  0.971457
3  3  1  0.726248
9  9  1  0.997199
5  5  1  0.546514
5  4  0  0.461621
6  6  1  0.999854
7  5  0  0.552634
2  2  1  0.997661
4  3  0  0.5585
6  3  0  0.376327
3  6  0  0.518263
1  1  1  0.992922
0  0  1  0.999378
7  7  1  0.527453
2  0  0  0.734228
5  3  0  0.555052
4  4  1  0.933931
7  7  1  0.99961
6  6  1  0.579597
1  1  1  0.99993
1  1  1  0.700912
9  9  1  0.996464
8  8  1  0.955024
1  1  1  0.936236
0  0  1  0.899985
1  1  1  0.999573
3  3  1  0.891991
1  1  1  0.987573
1  1  1  0.798881
1  1  1  0.999399
7  7  1  0.961294
3  3  1  0.794274
9  9  1  0.941703
6  6  1  0.425717
8  8  1  0.999895
4  7  0  0.816108
6  6  1  0.996872
8  8  1  0.704768
4  4  1  0.797468
9  1  0  0.654451
4  3  0  0.444217
7  7  1  0.989677
9  9  1  0.981543
7  7  1  0.925052
6  6  1  0.568044
8  8  1  0.635314
4  4  1  0.451891
9  9  1  0.996275
7  5  0  0.686936
0  0  1  0.470699
1  1  1  0.810595
6  6  1  0.831356
1  1  1  0.997389
5  5  1  0.736522
9  1  0  0.935018
0  0  1  0.429989
4  4  1  0.559841
3  3  1  0.814029
4  6  0  0.575307
1  1  1  0.968497
3  4  0  0.801378
0  0  1  0.948897
8  8  1  0.997597
4  4  1  0.97404
6  6  1  0.999966
2  2  1  0.672306
2  4  0  0.821342
6  6  1  0.978557
5  2  0  0.494864
3  3  1  0.606061
6  6  1  0.892952
2  2  1  0.440347
1  1  1  0.999731
1  1  1  0.985693
8  8  1  0.690675
6  6  1  0.999491
0  0  1  0.83049
4  4  1  0.666513
0  0  1  0.83545
1  1  1  0.979401
9  9  1  0.754807
7  7  1  0.997218
1  1  1  0.997769
3  5  0  0.758967
7  5  0  0.481129
7  2  0  0.421799
8  8  1  0.781615
7  7  1  0.758345
7  7  1  0.999948
3  5  0  0.689175
9  9  1  0.999749
7  7  1  0.985861
7  7  1  0.949696
7  7  1  0.894686
2  3  0  0.343738
1  1  1  0.721418
2  2  1  0.965756
8  8  1  0.984128
6  6  1  0.997928
4  4  1  0.409038
0  2  0  0.449719
7  7  1  0.995838
9  9  1  0.793168
8  8  1  0.943413
6  6  1  0.974303
8  8  1  0.999993
4  3  0  0.44801
9  8  0  0.541854
1  1  1  0.951524
7  7  1  0.624267
2  0  0  0.778917
2  2  1  0.943323
8  8  1  0.996381
5  3  0  0.833237
8  8  1  0.969935
1  1  1  0.990613
2  3  0  0.851581
2  3  0  0.564302
4  4  1  0.45893
1  1  1  0.97005
2  2  1  0.681575
5  7  0  0.87787
2  0  0  0.453275
8  8  1  0.961519
1  1  1  0.699443
8  8  1  0.944604
1  1  1  0.990096
8  8  1  0.968989
6  4  0  0.436682
0  0  1  0.746607
2  2  1  0.49622
4  4  1  0.996336
1  1  1  0.999433
3  3  1  0.974133
6  6  1  0.999887
7  7  1  0.9673
7  7  1  0.907836
4  4  1  0.850923
4  4  1  0.584043
3  3  1  0.747345
3  3  1  0.357284
4  4  1  0.671658
5  3  0  0.660861
2  2  1  0.998159
4  6  0  0.767656
3  9  0  0.489185
7  7  1  0.911161
8  8  1  0.951008
4  7  0  0.88831
4  4  1  0.999574
4  4  1  0.87773
5  3  0  0.622174
4  2  0  0.472768
3  3  1  0.366528
2  2  1  0.53525
8  8  1  0.999806
4  4  1  0.481869
5  5  1  0.876784
5  5  1  0.529868
4  4  1  0.699908
1  9  0  0.559371
4  4  1  0.914828
2  2  1  0.930536
5  4  0  0.421717
1  7  0  0.675642
6  6  1  0.990968
4  4  1  0.94946
3  3  1  0.610507
4  6  0  0.424545
4  6  0  0.746091
0  0  1  0.856891
8  8  1  0.786357
8  8  1  0.991852
4  4  1  0.986345
5  5  1  0.828077
7  7  1  0.999752
5  5  1  0.795292
6  6  1  0.999982
9  9  1  0.99251
1  1  1  0.998767
6  2  0  0.560421
7  5  0  0.951787
2  2  1  0.875606
0  9  0  0.857331
1  8  0  0.418914
4  7  0  0.850488
5  5  1  0.931784
6  3  0  0.716328
0  0  1  0.9644
0  9  0  0.521888
2  2  1  0.76287
7  4  0  0.409434
5  3  0  0.447612
6  6  1  0.998475
0  0  1  0.982816
6  3  0  0.59564
2  5  0  0.33794
9  9  1  0.9932
1  3  0  0.726275
7  7  1  0.998248
7  7  1  0.960138
5  5  1  0.982629
2  0  0  0.500041
5  5  1  0.803398
6  6  1  0.996929
4  0  0  0.326097
1  1  1  0.997871
4  4  1  0.73179
3  3  1  0.54265
3  5  0  0.460601
3  5  0  0.374447
0  0  1  0.691397
3  3  1  0.904011
5  5  1  0.904218
5  5  1  0.997313
8  8  1  0.318418
9  9  1  0.988392
7  7  1  0.927074
3  3  1  0.81558
1  1  1  0.999116
3  2  0  0.412699
3  3  1  0.636182
3  3  1  0.908322
4  4  1  0.920234
4  4  1  0.759227
2  5  0  0.41906
3  3  1  0.924811
3  3  1  0.815018
8  9  0  0.698235
1  1  1  0.99873
7  7  1  0.998385
7  7  1  0.969278
0  0  1  0.973673
7  7  1  0.934758
4  4  1  0.980134
5  3  0  0.530993
1  1  1  0.958523
4  7  0  0.42492
2  4  0  0.549241
4  4  1  0.887312
3  3  1  0.559852
9  9  1  0.452762
9  9  1  0.998707
4  7  0  0.706188
9  9  1  0.999232
9  9  1  0.963762
1  1  1  0.969322
8  8  1  0.588326
1  1  1  0.656676
6  6  1  0.940886
7  7  1  0.999341
5  5  1  0.288394
5  3  0  0.345791
4  7  0  0.230463
9  9  1  0.998554
7  5  0  0.756535
6  6  1  0.994468
5  6  0  0.568763
9  9  1  0.99591
2  6  0  0.819405
4  4  1  0.766787
0  0  1  0.999531
7  7  1  0.998305
8  8  1  0.863009
5  2  0  0.446545
5  5  1  0.997851
0  0  1  0.763594
0  0  1  0.903072
9  9  1  0.858836
9  9  1  0.997749
8  8  1  0.999632
2  2  1  0.602527
5  5  1  0.945719
4  4  1  0.977166
8  8  1  0.982938
3  3  1  0.741663
6  6  1  0.996985
3  3  1  0.435243
6  6  1  0.982187
0  0  1  0.954131
6  6  1  0.999868
6  6  1  0.913719
6  6  1  0.992714
9  9  1  0.798041
6  6  1  0.937993
6  6  1  0.311707
8  8  1  0.9993
6  6  1  0.914187
2  2  1  0.566583
4  4  1  0.924213
5  5  1  0.380153
8  8  1  0.994689
1  1  1  0.999814
2  2  1  0.991955
7  7  1  0.995824
6  6  1  0.983866
5  5  1  0.558752
7  7  1  0.998915
8  8  1  0.899487
1  8  0  0.89924
8  6  0  0.632622
0  0  1  0.733274
8  0  0  0.94987
6  6  1  0.614743
9  7  0  0.967069
2  4  0  0.423761
8  8  1  0.997467
9  9  1  0.99674
4  0  0  0.395979
0  0  1  0.999396
9  9  1  0.998733
4  4  1  0.93834
9  9  1  0.996927
5  5  1  0.784
7  7  1  0.997874
5  3  0  0.511145
5  5  1  0.593135
9  9  1  0.824739
5  5  1  0.988397
3  3  1  0.654706
0  0  1  0.981487
1  1  1  0.99911
9  9  1  0.995064
7  3  0  0.40194
2  2  1  0.72322
4  4  1  0.365078
1  1  1  0.99947
0  0  1  0.988879
8  1  0  0.648416
0  0  1  0.755488
3  5  0  0.842458
1  1  1  0.996571
7  7  1  0.998613
0  8  0  0.956039
0  0  1  0.997715
4  4  1  0.73432
8  2  0  0.414803
6  6  1  0.862124
2  3  0  0.641716
4  4  1  0.664129
0  0  1  0.976513
0  0  1  0.967656
9  9  1  0.563485
0  0  1  0.747307
8  8  1  0.999997
4  4  1  0.293786
5  3  0  0.422748
9  9  1  0.509642
3  3  1  0.937318
9  9  1  0.587422
0  0  1  0.794535
5  5  1  0.549663
6  6  1  0.585286
5  5  1  0.696013
0  4  0  0.557007
1  1  1  0.88793
4  5  0  0.532247
8  8  1  0.999915
1  1  1  0.998814
0  0  1  0.999655
5  5  1  0.995442
2  4  0  0.539838
1  1  1  0.51182
0  0  1  0.9938
2  2  1  0.940233
8  8  1  0.855229
1  1  1  0.994653
5  5  1  0.932068
6  6  1  0.993678
7  7  1  0.999792
7  5  0  0.500995
2  3  0  0.565148
6  6  1  0.877067
2  2  1  0.777864
5  5  1  0.745955
0  0  1  0.869524
1  1  1  0.999807
4  4  1  0.930849
2  2  1  0.611241
5  7  0  0.358515
4  4  1  0.285596
6  6  1  0.809806
2  2  1  0.576384
2  0  0  0.526929
1  1  1  0.753159
7  7  1  0.982514
2  2  1  0.639106
8  9  0  0.576864
5  5  1  0.990163
5  5  1  0.783748
3  3  1  0.88734
0  0  1  0.94279
4  4  1  0.682554
8  8  1  0.999576
3  5  0  0.698038
7  7  1  0.655722
6  6  1  0.999927
3  7  0  0.441607
8  8  1  0.998461
1  1  1  0.999344
0  0  1  0.806482
1  1  1  0.595099
3  5  0  0.690685
3  6  0  0.946007
0  4  0  0.541774
7  7  1  0.795519
4  6  0  0.902862
9  9  1  0.999877
5  7  0  0.727105
3  3  1  0.363068
6  6  1  0.979235
0  0  1  0.988366
1  1  1  0.998778
4  4  1  0.790762
4  4  1  0.695668
4  4  1  0.729171
4  4  1  0.990445
2  2  1  0.822811
2  5  0  0.37304
5  3  0  0.728813
8  8  1  0.998086
1  1  1  0.512921
5  5  1  0.374895
9  9  1  0.979245
8  8  1  0.992532
1  1  1  0.999921
1  1  1  0.990466
5  7  0  0.64285
3  3  1  0.393401
9  9  1  0.514647
9  9  1  0.914376
7  7  1  0.884444
6  6  1  0.829173
5  5  1  0.733736
0  0  1  0.998796
8  8  1  0.970836
4  3  0  0.496629
7  0  0  0.651309
0  7  0  0.80097
9  9  1  0.994248
2  2  1  0.999347
8  8  1  0.996876
4  4  1  0.837515
7  7  1  0.914095
1  1  1  0.729847
3  3  1  0.315901
9  9  1  0.91132
6  6  1  0.955051
8  8  1  0.999924
9  9  1  0.734089
0  3  0  0.618501
4  4  1  0.696608
9  6  0  0.708147
6  0  0  0.310578
7  7  1  1
8  9  0  0.523483
9  1  0  0.898651
4  4  1  0.759552
8  8  1  0.893514
9  9  1  0.989378
7  7  1  0.811149
2  2  1  0.74851
5  3  0  0.492135
3  3  1  0.937139
7  7  1  0.999991
1  3  0  0.877451
0  0  1  0.99573
2  9  0  0.540542
9  9  1  0.99531
5  3  0  0.757905
5  5  1  0.965368
8  8  1  0.998899
5  5  1  0.962947
4  7  0  0.588721
2  2  1  0.893507
8  8  1  0.53564
3  3  1  0.808622
5  4  0  0.830311
5  6  0  0.309507
7  7  1  0.999487
7  7  1  0.977028
8  8  1  0.999872
6  6  1  0.482319
2  7  0  0.681508
8  8  1  0.996811
2  2  1  0.941508
3  3  1  0.788408
5  5  1  0.774892
6  3  0  0.402106
8  8  1  0.996762
0  0  1  0.985994
2  2  1  0.609474
3  3  1  0.838553
7  7  1  0.998988
0  0  1  0.983781
1  1  1  0.998626
9  9  1  0.982906
1  1  1  0.998408
3  6  0  0.435533
7  5  0  0.404845
5  5  1  0.985547
8  3  0  0.674264
3  3  1  0.715645
2  2  1  0.866454
9  9  1  0.98938
6  4  0  0.524996
8  8  1  0.999933
6  6  1  0.453814
9  9  1  0.99935
3  3  1  0.906474
8  0  0  0.503933
9  9  1  0.845933
8  0  0  0.785652
0  5  0  0.480091
7  7  1  0.999825
8  8  1  0.999943
5  5  1  0.978352
0  0  1  0.465548
0  0  1  0.91447
1  1  1  0.958802
3  2  0  0.40483
9  3  0  0.438127
1  1  1  0.926819
5  5  1  0.690697
3  3  1  0.636712
4  4  1  0.462722
4  4  1  0.76629
0  0  1  0.950566
9  9  1  0.959943
9  9  1  0.992635
9  9  1  0.999364
9  9  1  0.748746
8  8  1  0.994462
2  2  1  0.993668
4  4  1  0.914636
2  2  1  0.995765
2  0  0  0.459404
5  7  0  0.607303
1  1  1  0.996121
9  3  0  0.483933
1  1  1  0.987242
0  0  1  0.591489
9  9  1  0.64241
4  4  1  0.964785
2  2  1  0.307815
1  9  0  0.741838
6  6  1  0.998427
0  0  1  0.653304
3  3  1  0.519294
7  2  0  0.369035
6  2  0  0.353695
3  3  1  0.670631
1  7  0  0.561303
8  0  0  0.5484
6  7  0  0.74254
5  3  0  0.652469
7  7  1  0.730216
2  2  1  0.587817
8  8  1  0.999619
4  4  1  0.46134
4  7  0  0.878773
8  8  1  0.973908
3  3  1  0.798175
5  5  1  0.871904
0  0  1  0.94643
5  5  1  0.481984
7  7  1  0.963609
4  4  1  0.942559
4  4  1  0.717946
2  4  0  0.684577
2  7  0  0.31122
7  7  1  0.994283
3  7  0  0.440556
6  6  1  0.498094
0  0  1  0.593166
2  5  0  0.678695
7  7  1  0.973648
6  6  1  0.998513
2  2  1  0.594819
3  3  1  0.92871
0  0  1  0.989328
7  7  1  0.999976
7  7  1  0.999822
8  8  1  1
1  9  0  0.94803
1  1  1  0.998548
4  3  0  0.482924
6  6  1  0.716251
0  0  1  0.498843
6  6  1  0.999865
6  3  0  0.853345
5  5  1  0.633383
5  5  1  0.784307
6  6  1  0.990604
3  3  1  0.440278
9  1  0  0.636009
3  3  1  0.428878
6  6  1  0.999605
8  2  0  0.575242
7  7  1  0.995796
6  2  0  0.494124
4  6  0  0.686702
9  9  1  0.917492
5  5  1  0.85007
6  6  1  0.560527
4  7  0  0.94031
1  1  1  0.999994
6  6  1  0.921638
3  3  1  0.511815
8  1  0  0.491195
2  2  1  0.9258
3  3  1  0.525512
9  9  1  0.899573
8  2  0  0.846403
5  5  1  0.708042
1  1  1  0.692678
5  2  0  0.31109
4  2  0  0.790167
5  6  0  0.529845
7  7  1  0.999755
5  3  0  0.38788
7  7  1  0.999978
8  8  1  0.936483
9  9  1  0.997557
1  1  1  0.985953
7  3  0  0.574544
2  2  1  0.368446
5  5  1  0.994835
6  6  1  0.441447
8  8  1  0.711309
4  4  1  0.503885
6  6  1  0.839538
5  3  0  0.485111
3  2  0  0.622654
9  9  1  0.518282
9  9  1  0.998876
8  8  1  0.957715
5  5  1  0.511455
5  3  0  0.498247
6  6  1  0.918551
4  4  1  0.719647
5  3  0  0.676693
9  9  1  0.754129
7  7  1  0.999983
3  5  0  0.701777
4  4  1  0.688597
1  1  1  0.996634
4  2  0  0.328334
2  2  1  0.457281
3  6  0  0.543251
6  6  1  0.697796
5  3  0  0.903376
5  3  0  0.680974
2  3  0  0.385563
8  1  0  0.885525
0  0  1  0.981563
0  0  1  0.996126
1  1  1  0.999864
8  8  1  0.556644
3  5  0  0.67331
1  1  1  0.998606
3  3  1  0.682403
5  5  1  0.518853
8  8  1  0.999888
3  4  0  0.757744
8  8  1  0.950494
5  5  1  0.541378
8  8  1  0.999998
6  6  1  0.905417
3  5  0  0.746091
5  5  1  0.935144
5  5  1  0.964365
5  5  1  0.879987
0  8  0  0.490126
9  8  0  0.816896
5  3  0  0.558358
5  4  0  0.734372
7  7  1  0.720252
1  1  1  0.82095
8  8  1  0.988844
2  6  0  0.594723
2  4  0  0.676443
7  4  0  0.798943
3  3  1  0.496658
4  4  1  0.945726
2  2  1  0.980411
9  9  1  0.99666
6  6  1  0.725596
2  2  1  0.74016
2  2  1  0.99991
4  4  1  0.865851
3  3  1  0.928761
0  0  1  0.979481
2  6  0  0.971453
0  0  1  0.763316
1  1  1  0.503514
3  3  1  0.49286
2  2  1  0.976125
2  5  0  0.452045
7  7  1  0.999973
0  2  0  0.887797
1  1  1  0.899368
0  4  0  0.81316
7  7  1  0.99355
7  7  1  0.999262
2  2  1  0.727772
0  7  0  0.225459
1  1  1  0.998604
6  6  1  0.999954
5  5  1  0.830029
0  4  0  0.864309
2  4  0  0.543361
2  2  1  0.860069
0  0  1  0.480213
1  1  1  0.999876
2  2  1  0.426839
6  6  1  0.980246
0  0  1  0.941395
1  1  1  0.994321
6  6  1  0.993728
6  6  1  0.937924
5  5  1  0.628698
3  3  1  0.720595
4  5  0  0.870255
0  0  1  0.985013
0  0  1  0.521599
9  1  0  0.68227
1  1  1  0.972229
0  0  1  0.999247
2  7  0  0.396859
5  5  1  0.964867
9  9  1  0.996898
7  7  1  0.896596
8  8  1  0.997834
6  6  1  0.995386
4  3  0  0.403853
6  9  0  0.445925
0  0  1  0.999051
2  2  1  0.775315
0  0  1  0.991675
1  1  1  0.966932
9  1  0  0.537099
2  3  0  0.433756
4  6  0  0.995037
9  9  1  0.80074
0  0  1  0.617387
7  7  1  0.964612
2  2  1  0.793338
3  3  1  0.795325
4  4  1  0.529538
8  8  1  0.999825
0  9  0  0.926986
2  4  0  0.241042
6  6  1  0.997253
8  8  1  0.995839
9  9  1  0.994605
7  7  1  0.809546
1  1  1  0.860434
9  9  1  0.98938
3  3  1  0.739926
7  4  0  0.824874
2  2  1  0.873926
7  7  1  0.948748
9  9  1  0.972028
6  6  1  0.996142
9  9  1  0.678285
5  8  0  0.37823
7  7  1  0.786596
8  8  1  0.897637
5  5  1  0.423867
9  8  0  0.589152
8  8  1  0.999705
3  3  1  0.763934
9  9  1  0.984469
8  5  0  0.735509
0  0  1  0.92733
5  5  1  0.493281
5  5  1  0.762105
7  7  1  0.996595
1  1  1  0.999621
2  0  0  0.44533
0  2  0  0.693585
7  7  1  0.55484
5  5  1  0.821079
8  8  1  0.95394
2  2  1  0.998093
2  5  0  0.443722
5  0  0  0.451838
3  3  1  0.867431
9  9  1  0.973329
3  5  0  0.776049
1  1  1  0.888637
9  9  1  0.985458
3  3  1  0.961269
1  1  1  0.998962
4  4  1  0.875542
3  3  1  0.880914
4  4  1  0.945861
4  4  1  0.449838
9  9  1  0.99902
0  0  1  0.987804
9  1  0  0.470578
5  3  0  0.51218
9  9  1  0.999744
2  2  1  0.996877
9  9  1  0.910989
4  7  0  0.793108
0  6  0  0.54517
2  0  0  0.842584
8  8  1  0.998951
4  3  0  0.398351
8  8  1  0.998954
6  6  1  0.99867
8  0  0  0.504025
2  6  0  0.450944
0  2  0  0.531357
5  5  1  0.973711
9  9  1  0.994321
6  6  1  0.970405
9  9  1  0.998848
5  5  1  0.967819
1  1  1  0.938098
3  5  0  0.41845
4  4  1  0.990045
4  4  1  0.420828
2  2  1  0.442557
7  7  1  0.99859
2  2  1  0.801932
4  6  0  0.804295
4  4  1  0.534419
0  0  1  0.843672
2  2  1  0.966714
8  8  1  0.985249
4  4  1  0.998706
5  1  0  0.527003
1  1  1  0.99361
2  2  1  0.803952
6  6  1  0.948496
8  8  1  0.701913
1  1  1  0.995545
7  7  1  0.999724
2  6  0  0.997213
8  8  1  0.887955
7  7  1  0.916847
4  4  1  0.940927
3  3  1  0.592164
3  5  0  0.581205
0  3  0  0.705924
3  2  0  0.320097
7  7  1  0.903323
2  2  1  0.99385
5  5  1  0.779513
6  6  1  0.715453
1  1  1  0.983699
7  7  1  0.967762
9  1  0  0.626639
0  0  1  0.947432
2  3  0  0.498848
3  4  0  0.469578
9  1  0  0.599055
8  8  1  0.551058
9  6  0  0.311447
5  5  1  0.852332
0  8  0  0.749282
0  0  1  0.997083
7  7  1  0.393606
6  3  0  0.578077
3  3  1  0.787678
3  7  0  0.48005
8  8  1  0.993271
1  1  1  0.918505
4  4  1  0.673727
0  0  1  0.999075
1  1  1  0.967766
5  5  1  0.952479
4  4  1  0.910437
3  3  1  0.877905
2  4  0  0.905869
6  6  1  0.997926
0  0  1  0.931333
8  8  1  0.999873
8  8  1  0.829828
6  3  0  0.563333
3  3  1  0.88917
3  3  1  0.805151
2  4  0  0.476632
9  1  0  0.408573
7  7  1  0.995409
5  5  1  0.732123
1  1  1  0.920863
6  6  1  0.960829
0  1  0  0.897615
5  3  0  0.560993
9  9  1  0.992748
9  9  1  0.995053
4  4  1  0.782071
5  5  1  0.990111
9  9  1  0.989294
4  4  1  0.452965
8  8  1  0.931848
3  5  0  0.899924
3  5  0  0.406503
2  2  1  0.794012
5  4  0  0.413115
1  1  1  0.969134
9  9  1  0.999891
5  5  1  0.978267
5  3  0  0.65139
8  1  0  0.419869
1  1  1  0.690909
8  8  1  0.997131
9  9  1  0.992615
7  7  1  0.964483
0  0  1  0.763534
6  6  1  0.520232
3  2  0  0.321778
2  2  1  0.638424
0  0  1  0.998423
2  2  1  0.868974
6  6  1  0.998616
9  9  1  0.716767
3  3  1  0.906174
9  9  1  0.996282
1  1  1  0.960952
6  6  1  0.497197
6  7  0  0.82665
7  4  0  0.589521
2  2  1  0.662522
6  6  1  0.341516
3  3  1  0.92568
2  2  1  0.980399
5  6  0  0.374942
5  5  1  0.966521
2  2  1  0.925657
7  7  1  0.928185
5  5  1  0.516654
2  3  0  0.362874
0  0  1  0.874594
8  1  0  0.618343
0  2  0  0.450569
7  5  0  0.660248
7  7  1  0.999999
1  1  1  0.476918
7  7  1  0.984485
4  4  1  0.726334
0  0  1  0.994379
2  4  0  0.536513
2  2  1  0.996885
6  6  1  0.999383
1  1  1  0.894223
5  5  1  0.454262
9  9  1  0.846795
7  7  1  0.99763
6  6  1  0.922844
2  2  1  0.977616
7  7  1  0.973984
0  0  1  0.968462
5  3  0  0.559857
6  6  1  0.821915
0  0  1  0.997467
1  1  1  0.999925
1  1  1  0.97663
8  8  1  0.950105
4  3  0  0.502686
5  5  1  0.927909
3  6  0  0.277949
1  9  0  0.690247
2  3  0  0.396042
4  4  1  0.617641
8  8  1  0.999976
9  9  1  0.485708
8  8  1  0.996138
1  1  1  0.970176
7  3  0  0.66313
2  2  1  0.374287
7  7  1  0.658246
2  0  0  0.641116
3  2  0  0.432045
2  6  0  0.88661
6  6  1  0.994496
7  7  1  0.984893
9  9  1  0.812269
4  4  1  0.721809
0  0  1  0.943016
1  1  1  0.996589
0  0  1  0.986504
4  4  1  0.369184
5  7  0  0.712903
0  0  1  0.999999
8  8  1  0.987057
0  0  1  0.906607
7  0  0  0.502369
6  6  1  0.765947
1  1  1  0.993814
0  8  0  0.984781
8  8  1  0.984052
5  5  1  0.949149
9  9  1  0.994669
2  4  0  0.502093
5  5  1  0.613023
4  5  0  0.52644
4  6  0  0.515098
9  9  1  0.897509
0  0  1  0.99733
6  6  1  0.999376
1  3  0  0.241455
2  2  1  0.756406
5  2  0  0.551064
1  1  1  0.92186
6  6  1  0.790871
7  7  1  0.519133
1  1  1  0.674282
5  5  1  0.739522
8  8  1  0.993046
8  8  1  0.999959
0  0  1  0.999726
3  3  1  0.706926
9  9  1  0.999999
4  4  1  0.363434
0  0  1  0.848801
3  6  0  0.999563
4  4  1  0.91823
9  9  1  0.9741
2  2  1  0.783275
4  4  1  0.641188
3  3  1  0.983522
0  0  1  0.989285
6  6  1  0.730282
4  6  0  0.887745
5  6  0  0.312907
6  6  1  0.892504
6  6  1  0.614599
7  7  1  0.975944
8  8  1  0.999545
4  4  1  0.621998
8  6  0  0.421875
8  8  1  0.891
3  9  0  0.391161
2  6  0  0.893435
8  8  1  0.982035
0  0  1  0.759038
2  2  1  0.58876
5  3  0  0.881889
6  6  1  0.998423
8  8  1  0.976086
7  7  1  0.788846
8  8  1  0.955985
9  0  0  0.525168
9  9  1  0.970587
0  9  0  0.521838
6  6  1  0.524313
6  6  1  0.971326
8  8  1  0.982298
1  1  1  0.982401
1  1  1  0.997552
7  7  1  0.991141
4  4  1  0.626943
4  3  0  0.722563
2  2  1  0.988281
3  3  1  0.534581
6  6  1  0.999985
9  9  1  0.938967
6  6  1  0.742318
2  2  1  0.934627
4  5  0  0.699234
1  1  1  0.999702
8  8  1  0.999996
2  4  0  0.380978
3  4  0  0.865751
1  1  1  0.820291
6  3  0  0.403262
8  8  1  0.994513
6  6  1  0.999935
8  8  1  0.941079
5  5  1  0.905618
9  9  1  0.989282
0  0  1  0.599004
1  1  1  0.995828
0  0  1  0.936436
2  2  1  0.630459
9  9  1  0.992947
2  0  0  0.552045
9  9  1  0.997947
0  0  1  0.828362
9  9  1  0.995717
7  7  1  0.984444
8  8  1  0.979735
5  2  0  0.298293
0  0  1  0.643107
6  6  1  0.807247
6  6  1  0.994722
8  8  1  0.999969
1  1  1  0.987785
6  6  1  0.998021
5  5  1  0.472494
8  8  1  0.990062
7  3  0  0.390389
9  1  0  0.967625
2  2  1  0.642937
1  1  1  0.999784
6  6  1  0.999134
7  4  0  0.780067
5  5  1  0.896139
6  6  1  0.99282
3  3  1  0.471391
0  0  1  0.713518
9  9  1  0.912173
8  8  1  0.999581
9  9  1  0.975049
5  5  1  0.753249
9  8  0  0.923736
9  9  1  0.989588
9  0  0  0.936432
3  3  1  0.546584
6  2  0  0.67794
4  6  0  0.877801
4  4  1  0.811819
8  8  1  0.995018
8  8  1  0.751325
1  1  1  0.557693
7  7  1  0.893366
3  3  1  0.234592
0  0  1  0.654035
6  6  1  0.503307
2  0  0  0.481902
4  4  1  0.664724
8  1  0  0.811922
2  2  1  0.593007
2  2  1  0.998296
9  3  0  0.436223
2  4  0  0.392898
2  3  0  0.638321
9  1  0  0.533695
7  7  1  0.998463
4  4  1  0.610514
1  9  0  0.355643
9  9  1  0.594366
1  1  1  0.969896
4  3  0  0.477671
3  7  0  0.42833
5  0  0  0.245411
3  2  0  0.726116
8  8  1  0.996529
9  9  1  0.973331
3  5  0  0.927872
6  6  1  0.626738
2  2  1  0.860672
0  1  0  0.984151
8  3  0  0.463648
9  9  1  0.9742
0  3  0  0.521905
5  5  1  0.995492
1  1  1  0.999806
5  2  0  0.357241
8  9  0  0.513526
2  2  1  0.467988
1  1  1  0.999924
2  8  0  0.822843
3  5  0  0.500682
2  5  0  0.46666
4  4  1  0.941336
8  8  1  0.992626
4  4  1  0.504513
0  0  1  0.736119
6  6  1  0.960248
4  4  1  0.688092
2  4  0  0.44816
9  9  1  0.989284
8  8  1  0.99666
4  4  1  0.824008
7  7  1  0.992893
6  6  1  0.997864
2  2  1  0.603788
4  4  1  0.698616
7  7  1  0.971786
7  7  1  0.705648
6  6  1  0.999765
4  4  1  0.445384
2  2  1  0.681457
2  2  1  0.961729
3  3  1  0.710573
2  2  1  0.637722
4  3  0  0.434195
9  4  0  0.492007
0  0  1  0.997898
0  2  0  0.362255
9  9  1  0.677064
6  6  1  0.832459
5  5  1  0.445565
8  8  1  0.999528
5  4  0  0.564219
2  2  1  0.918916
4  4  1  0.815266
8  8  1  0.997177
8  8  1  0.707672
6  6  1  0.893982
4  6  0  0.265011
5  5  1  0.963466
7  7  1  0.996776
6  6  1  0.994729
3  5  0  0.903628
7  3  0  0.395152
0  0  1  0.564022
4  4  1  0.903358
0  4  0  0.496826
5  9  0  0.523522
8  8  1  0.971046
2  7  0  0.428223
8  8  1  0.993469
0  0  1  0.987218
4  4  1  0.911692
9  9  1  0.529268
2  3  0  0.325601
3  3  1  0.73676
6  3  0  0.592905
8  8  1  0.959231
1  1  1  0.999757
6  6  1  0.999978
0  0  1  0.554771
8  8  1  0.997929
4  4  1  0.544807
3  5  0  0.813265
1  1  1  0.999516
4  4  1  0.677262
5  7  0  0.489985
2  2  1  0.991163
4  4  1  0.664659
3  5  0  0.49903
6  6  1  0.952868
0  0  1  0.989777
7  7  1  0.80799
1  1  1  0.992774
3  3  1  0.965799
5  5  1  0.765237
7  7  1  0.637017
1  1  1  0.994815
8  8  1  0.947408
0  0  1  0.597606
4  4  1  0.663229
8  8  1  0.838601
2  2  1  0.63207
7  7  1  0.87966
7  7  1  0.90732
0  0  1  0.985567
2  4  0  0.579355
2  2  1  0.543985
4  4  1  0.819672
3  3  1  0.38296
3  3  1  0.739283
1  5  0  0.405821
6  4  0  0.742902
1  1  1  0.982494
6  6  1  0.852566
4  4  1  0.930515
6  6  1  0.995915
7  7  1  0.991171
4  4  1  0.566635
7  2  0  0.355238
3  3  1  0.480798
8  8  1  0.866276
1  1  1  0.999685
3  5  0  0.509641
1  1  1  0.995507
4  4  1  0.575044
6  6  1  0.98598
5  5  1  0.337302
5  5  1  0.411646
7  7  1  0.996015
4  4  1  0.902632
5  5  1  0.886355
4  4  1  0.396071
9  9  1  0.998148
7  7  1  0.886908
7  7  1  0.886442
2  3  0  0.420924
3  5  0  0.466924
3  3  1  0.833162
6  6  1  0.434575
7  7  1  0.997653
4  4  1  0.879636
1  1  1  0.998012
6  6  1  0.891281
1  1  1  0.999938
0  0  1  0.511058
6  6  1  0.862027
9  9  1  0.870919
6  6  1  0.3188
0  0  1  0.632493
2  4  0  0.674233
0  0  1  0.915818
2  3  0  0.453534
4  4  1  0.431925
7  7  1  0.792201
0  0  1  0.977132
0  6  0  0.669253
0  0  1  0.999164
0  0  1  0.78674
7  7  1  0.966962
5  5  1  0.991329
3  3  1  0.706671
2  4  0  0.657401
7  7  1  0.935432
8  8  1  0.999567
5  3  0  0.786096
5  5  1  0.629621
2  1  0  0.461976
2  2  1  0.807631
8  8  1  0.99584
9  9  1  0.998019
1  1  1  0.996103
2  6  0  0.582567
2  2  1  0.678527
0  0  1  0.713046
3  3  1  0.986648
4  4  1  0.956386
9  9  1  0.800169
1  1  1  0.823249
6  6  1  0.839382
9  1  0  0.9951
0  9  0  0.397793
8  0  0  0.918513
3  3  1  0.789786
6  6  1  0.994799
4  4  1  0.657551
6  6  1  0.676583
7  7  1  0.973532
5  5  1  0.914352
1  1  1  0.984716
8  8  1  0.99995
9  0  0  0.371681
0  0  1  0.999314
5  3  0  0.405566
0  0  1  0.709696
5  2  0  0.322271
4  5  0  0.563223
3  3  1  0.521392
8  8  1  0.756464
5  5  1  0.401099
2  2  1  0.840838
0  0  1  0.98216
8  8  1  0.636608
5  5  1  0.738715
9  9  1  0.98751
2  5  0  0.731684
5  3  0  0.691442
6  6  1  0.938739
5  5  1  0.52343
7  7  1  0.999761
3  7  0  0.511872
7  7  1  0.999998
2  2  1  0.749775
8  1  0  0.790741
8  1  0  0.631274
4  4  1  0.890357
2  2  1  0.934628
1  1  1  0.938485
6  6  1  0.999818
2  2  1  0.710981
9  9  1  0.987023
9  9  1  0.999285
8  8  1  0.999962
2  2  1  0.541249
3  3  1  0.495996
1  1  1  0.999917
0  0  1  0.999356
5  5  1  0.990855
2  2  1  0.94684
3  3  1  0.880471
7  7  1  0.994839
9  9  1  0.973097
5  7  0  0.940731
9  9  1  0.904482
1  1  1  0.948953
1  1  1  0.954974
3  3  1  0.48042
2  2  1  0.78861
7  7  1  0.9327
4  2  0  0.520223
4  4  1  0.942841
1  1  1  0.996525
9  9  1  0.873104
4  4  1  0.990349
5  3  0  0.926088
5  2  0  0.566756
2  9  0  0.754293
7  7  1  0.375497
7  7  1  0.658191
6  6  1  0.989997
1  1  1  0.60942
2  5  0  0.519973
3  3  1  0.848656
7  7  1  0.69071
5  3  0  0.542389
4  4  1  0.974042
3  2  0  0.903907
7  7  1  0.999821
7  7  1  0.796404
0  1  0  0.686299
0  0  1  0.578172
1  1  1  0.975171
4  5  0  0.555306
4  4  1  0.917777
3  3  1  0.917874
7  6  0  0.671006
9  9  1  0.985824
8  8  1  0.997717
7  7  1  0.998321
0  0  1  0.999987
9  9  1  0.887768
0  0  1  0.609556
3  5  0  0.56088
7  7  1  0.991056
6  6  1  0.677689
3  3  1  0.796367
8  8  1  0.999893
4  4  1  0.671137
5  5  1  0.929458
6  6  1  0.999936
5  5  1  0.991282
3  5  0  0.246715
4  4  1  0.961084
2  5  0  0.68344
9  9  1  0.935901
2  3  0  0.427519
4  4  1  0.893973
9  7  0  0.923936
2  2  1  0.388308
0  0  1  0.929204
1  1  1  0.999028
1  1  1  0.737072
3  3  1  0.888222
7  7  1  0.975411
9  9  1  0.996285
5  4  0  0.854061
1  1  1  0.785827
6  6  1  0.998944
0  4  0  0.650968
3  5  0  0.552425
3  3  1  0.516948
7  7  1  0.966336
2  6  0  0.798476
4  4  1  0.966752
5  5  1  0.993164
2  2  1  0.627697
3  6  0  0.930516
6  6  1  0.999898
3  3  1  0.641679
3  3  1  0.957738
0  0  1  0.996698
4  4  1  0.531084
4  4  1  0.379744
3  3  1  0.79379
8  8  1  0.998197
1  1  1  0.919071
2  2  1  0.994513
3  3  1  0.895345
2  4  0  0.558767
7  7  1  0.861038
1  9  0  0.333092
4  3  0  0.812186
5  5  1  0.553225
6  6  1  0.955143
8  0  0  0.936621
6  6  1  0.891408
6  6  1  0.753949
5  5  1  0.963844
4  4  1  0.795576
2  5  0  0.460432
9  9  1  0.965457
9  7  0  0.935935
3  3  1  0.777003
2  2  1  0.985606
0  0  1  0.995398
4  4  1  0.935961
1  6  0  0.299288
5  5  1  0.700356
5  5  1  0.763699
6  6  1  0.711777
6  6  1  0.997083
5  5  1  0.980169
6  6  1  0.997149
9  9  1  0.993343
7  5  0  0.302765
9  9  1  0.447673
4  4  1  0.978768
8  8  1  0.999669
3  3  1  0.542812
1  1  1  0.996042
9  9  1  0.951098
8  8  1  0.446597
1  1  1  0.530373
9  9  1  0.924252
0  0  1  0.589983
3  3  1  0.291271
0  0  1  0.798263
4  4  1  0.988191
7  7  1  0.664088
7  4  0  0.496877
2  2  1  0.819271
6  6  1  0.962727
5  5  1  0.995906
6  6  1  0.842597
9  9  1  0.97767
7  3  0  0.577805
7  5  0  0.93191
5  5  1  0.905492
7  7  1  0.976829
0  0  1  0.695164
8  8  1  0.999995
6  6  1  0.995727
7  3  0  0.585016
8  8  1  0.999332
3  3  1  0.957573
8  6  0  0.549807
9  9  1  0.876529
3  5  0  0.672455
2  2  1  0.877582
9  9  1  0.988901
2  2  1  0.790588
7  7  1  0.438595
4  4  1  0.688045
1  9  0  0.695956
9  9  1  0.978116
7  7  1  0.848676
0  0  1  0.796599
8  3  0  0.336723
1  1  1  0.999582
2  3  0  0.300219
0  0  1  0.998197
6  6  1  0.89481
5  5  1  0.997059
1  1  1  0.961958
4  4  1  0.995874
2  7  0  0.360853
8  8  1  0.99996
2  4  0  0.271966
8  8  1  0.999992
3  3  1  0.946836
3  7  0  0.690575
1  1  1  0.991489
4  4  1  0.780653
9  9  1  0.990048
8  8  1  0.999749
1  1  1  0.999867
1  1  1  0.998509
7  5  0  0.666777
9  9  1  0.954158
9  9  1  0.991122
4  4  1  0.577397
6  6  1  0.92287
8  8  1  0.857804
5  5  1  0.977936
3  3  1  0.602392
2  2  1  0.407349
2  2  1  0.724752
3  0  0  0.534591
8  8  1  0.953279
5  5  1  0.949347
1  1  1  0.793728
9  9  1  0.99955
7  7  1  0.878117
9  9  1  0.998368
1  1  1  0.999874
5  4  0  0.41339
3  3  1  0.730124
1  1  1  0.980209
0  0  1  0.946975
3  3  1  0.692447
8  8  1  0.999839
9  9  1  0.516119
2  2  1  0.577072
0  0  1  0.960088
8  9  0  0.422436
0  8  0  0.632272
7  4  0  0.764197
9  0  0  0.66132
4  4  1  0.849919
8  8  1  0.907792
3  3  1  0.816505
0  0  1  0.89211
7  7  1  0.719769
0  0  1  0.982476
7  7  1  0.998955
0  0  1  0.982416
5  5  1  0.815862
5  5  1  0.688045
4  4  1  0.991683
3  3  1  0.676528
0  0  1  0.931631
9  9  1  0.867801
9  4  0  0.31319
0  9  0  0.639383
2  6  0  0.590495
2  7  0  0.801679
0  0  1  0.99675
8  8  1  0.999882
4  4  1  0.610161
4  4  1  0.996822
5  5  1  0.984573
2  2  1  0.754017
2  9  0  0.594499
1  8  0  0.786474
1  4  0  0.550563
5  5  1  0.479124
5  6  0  0.706859
4  4  1  0.803546
3  3  1  0.822097
4  4  1  0.479307
0  0  1  0.988505
8  8  1  0.841473
4  4  1  0.55478
8  8  1  0.79007
2  5  0  0.58023
5  5  1  0.918388
6  6  1  0.792869
5  5  1  0.983363
1  1  1  0.999888
7  7  1  0.943904
2  2  1  0.433713
4  4  1  0.921658
0  2  0  0.630763
5  5  1  0.894661
6  6  1  0.997056
8  8  1  0.92375
7  7  1  0.996683
6  6  1  0.998965
3  3  1  0.749205
1  1  1  0.718241
3  7  0  0.548864
6  6  1  0.631109
6  6  1  0.982903
4  4  1  0.322405
5  5  1  0.971524
5  5  1  0.935351
5  5  1  0.503361
1  1  1  0.979961
8  8  1  0.936318
7  7  1  0.979362
3  2  0  0.49901
0  0  1  0.983191
2  6  0  0.786725
5  7  0  0.844098
1  1  1  0.997624
1  1  1  0.998329
1  9  0  0.630494
6  6  1  0.583904
7  7  1  0.651746
2  1  0  0.432863
1  1  1  0.998342
2  2  1  0.678316
3  3  1  0.528946
9  9  1  0.758158
8  8  1  0.995292
3  5  0  0.377367
1  1  1  0.987492
7  7  1  0.99996
4  4  1  0.562261
8  3  0  0.843743
4  4  1  0.809989
7  7  1  0.94228
5  5  1  0.820359
8  8  1  0.996133
6  3  0  0.665387
0  0  1  0.973402
3  5  0  0.659784
0  0  1  0.939493
8  2  0  0.427982
3  2  0  0.764141
4  6  0  0.469311
4  8  0  0.572024
9  9  1  0.997727
4  4  1  0.78639
6  6  1  0.999571
1  1  1  0.98705
5  3  0  0.54151
7  7  1  0.996873
7  7  1  0.803714
9  9  1  0.992814
0  0  1  0.93942
1  1  1  0.973754
3  3  1  0.805719
1  9  0  0.656483
3  4  0  0.515502
2  0  0  0.644189
4  4  1  0.659046
0  0  1  0.920287
7  7  1  0.936235
8  1  0  0.964986
3  5  0  0.852787
1  1  1  0.998773
6  9  0  0.352394
2  2  1  0.911342
1  1  1  0.999735
8  8  1  0.994603
8  8  1  0.579878
1  1  1  0.996899
9  9  1  0.999707
7  7  1  0.994066
5  3  0  0.731924
3  3  1  0.35746
2  2  1  0.896675
9  9  1  0.99984
0  0  1  0.841494
6  6  1  0.933999
8  8  1  0.999925
4  4  1  0.799306
1  1  1  0.98634
5  7  0  0.507714
7  7  1  0.964519
2  0  0  0.781581
4  2  0  0.321911
7  7  1  0.998172
0  5  0  0.299525
4  4  1  0.960125
9  9  1  0.999716
0  0  1  0.730222
7  7  1  0.999969
0  0  1  0.920109
6  6  1  0.927861
7  7  1  0.999937
1  3  0  0.354265
8  8  1  0.971278
5  5  1  0.53597
8  8  1  0.335916
8  8  1  0.922325
7  5  0  0.717218
0  0  1  0.977798
0  0  1  0.999868
3  6  0  0.596199
2  8  0  0.855128
5  3  0  0.433776
7  7  1  0.951271
0  0  1  0.908051
6  6  1  0.991605
4  4  1  0.826789
4  3  0  0.313722
9  9  1  0.999954
1  1  1  0.998721
8  8  1  0.926047
6  6  1  0.885187
3  3  1  0.997198
9  9  1  0.999929
4  4  1  0.719577
9  9  1  0.993081
3  3  1  0.558726
3  3  1  0.911947
7  7  1  0.843197
5  5  1  0.822971
9  9  1  0.974614
7  7  1  0.999741
7  5  0  0.904294
4  4  1  0.943291
5  5  1  0.408161
8  8  1  0.995272
2  9  0  0.768579
8  8  1  0.950867
9  9  1  0.98534
5  5  1  0.993964
3  3  1  0.843198
1  1  1  0.999107
9  9  1  0.911946
2  2  1  0.313551
2  2  1  0.780071
0  0  1  0.595771
1  1  1  0.827532
1  9  0  0.896906
8  8  1  0.977595
1  1  1  0.999466
1  1  1  0.995868
9  0  0  0.948059
8  8  1  0.986754
9  9  1  0.999877
9  9  1  0.999966
0  0  1  0.432745
2  2  1  0.769297
6  3  0  0.446028
9  9  1  0.992792
1  1  1  0.989377
9  9  1  0.975593
0  2  0  0.77382
1  1  1  0.671105
9  9  1  0.694892
2  2  1  0.812706
9  9  1  0.800613
9  9  1  0.807388
9  9  1  0.975242
0  1  0  0.973211
9  9  1  0.955065
9  9  1  0.742514
2  2  1  0.569527
1  1  1  0.993759
7  7  1  0.999989
0  0  1  0.776029
5  5  1  0.502387
6  6  1  0.925271
3  6  0  0.581884
9  9  1  0.974766
8  8  1  0.88676
3  3  1  0.572418
0  0  1  0.965188
2  6  0  0.986743
7  0  0  0.597199
7  7  1  0.999624
4  4  1  0.540551
8  8  1  0.975105
3  3  1  0.864258
0  0  1  0.826262
5  2  0  0.503269
2  4  0  0.855555
3  5  0  0.585093
5  5  1  0.541182
7  7  1  0.836886
6  6  1  0.99389
6  6  1  0.999993
6  6  1  0.998477
5  7  0  0.502873
6  6  1  0.420522
5  3  0  0.849546
4  4  1  0.991711
5  3  0  0.672616
8  8  1  0.993869
8  8  1  0.965419
0  0  1  0.971572
9  9  1  0.89692
7  5  0  0.548531
9  9  1  0.998023
0  9  0  0.583315
6  6  1  0.992386
9  9  1  0.995672
6  6  1  0.371993
1  1  1  0.977909
4  3  0  0.319783
7  7  1  0.999949
9  1  0  0.247386
0  2  0  0.697749
3  9  0  0.379435
5  5  1  0.957102
4  4  1  0.913402
7  7  1  0.999843
6  6  1  0.999674
9  9  1  0.989828
8  8  1  0.5948
2  4  0  0.855918
3  3  1  0.752162
9  9  1  0.572046
3  5  0  0.73872
3  3  1  0.568372
7  2  0  0.793111
8  8  1  0.991856
3  3  1  0.799443
5  5  1  0.779723
5  3  0  0.723278
9  1  0  0.535138
6  6  1  0.987044
1  1  1  0.999316
4  4  1  0.757353
7  7  1  0.999684
4  4  1  0.409171
8  8  1  0.997679
7  7  1  0.921213
7  7  1  0.996836
1  1  1  0.335599
3  5  0  0.601262
0  0  1  0.99172
3  3  1  0.961205
2  2  1  0.572668
5  3  0  0.410084
4  4  1  0.955859
9  1  0  0.682684
3  3  1  0.911707
5  5  1  0.8976
4  4  1  0.897305
7  5  0  0.564595
0  4  0  0.650814
3  3  1  0.949761
7  7  1  0.996019
0  0  1  0.998995
2  3  0  0.617488
1  1  1  0.942866
5  8  0  0.63481
8  8  1  0.99913
7  7  1  0.968994
3  3  1  0.664675
5  5  1  0.991849
7  7  1  0.994924
8  8  1  0.991557
5  6  0  0.497748
7  7  1  0.9965
8  8  1  0.997715
1  1  1  0.745364
5  7  0  0.916294
4  4  1  0.603415
7  7  1  0.999697
0  0  1  0.656871
8  8  1  0.901293
3  3  1  0.634834
2  2  1  0.951695
9  9  1  0.965447
7  3  0  0.30429
4  4  1  0.692032
1  1  1  0.892716
6  6  1  0.999804
5  7  0  0.569476
9  9  1  0.981469
8  8  1  0.98753
5  5  1  0.907259
5  5  1  0.576702
4  4  1  0.818598
1  1  1  0.999964
0  0  1  0.999979
9  9  1  0.95848
4  4  1  0.997089
4  5  0  0.477346
3  3  1  0.838649
0  4  0  0.40982
4  4  1  0.414394
8  0  0  0.516664
0  0  1  0.992934
8  8  1  0.978674
2  2  1  0.921069
9  9  1  0.999909
5  3  0  0.417613
9  9  1  0.987333
7  7  1  0.830842
4  4  1  0.545832
6  6  1  0.955038
7  6  0  0.383053
9  5  0  0.825913
2  2  1  0.773032
9  9  1  0.904713
3  3  1  0.918898
7  7  1  0.995664
7  7  1  0.999918
8  9  0  0.346172
2  3  0  0.312259
2  9  0  0.469689
0  2  0  0.506106
2  2  1  0.935349
5  5  1  0.851128
3  6  0  0.506841
6  5  0  0.596201
4  4  1  0.996084
7  5  0  0.399403
2  2  1  0.92413
3  3  1  0.677531
7  7  1  0.566498
8  8  1  0.990617
7  7  1  0.940723
2  2  1  0.619057
5  2  0  0.824147
0  9  0  0.355276
0  0  1  0.642674
7  7  1  0.880395
0  2  0  0.719804
9  3  0  0.843897
6  6  1  0.976617
1  1  1  0.998168
0  0  1  0.576273
3  5  0  0.914402
9  9  1  0.924142
7  7  1  0.999986
4  0  0  0.673229
9  9  1  0.995832
1  1  1  0.996804
6  2  0  0.874375
8  8  1  0.994631
1  1  1  0.996438
2  2  1  0.758887
3  3  1  0.645865
3  3  1  0.396893
5  0  0  0.280356
4  4  1  0.591739
8  2  0  0.409754
9  9  1  0.986395
7  3  0  0.50953
4  4  1  0.841934
4  4  1  0.618748
1  1  1  0.926113
2  2  1  0.36133
4  4  1  0.947449
9  9  1  0.89004
8  8  1  0.550605
7  7  1  0.9808
9  9  1  0.99471
5  3  0  0.551581
1  1  1  0.999938
2  2  1  0.555614
1  1  1  0.999991
6  3  0  0.657655
6  6  1  0.999343
4  6  0  0.494212
5  5  1  0.888219
7  7  1  0.999512
4  5  0  0.411255
5  5  1  0.439239
8  8  1  0.995413
5  3  0  0.564417
2  4  0  0.495081
8  8  1  0.999679
7  7  1  0.882164
8  8  1  0.995108
2  2  1  0.995595
3  6  0  0.696088
6  6  1  0.99529
1  1  1  0.998164
3  5  0  0.864575
3  3  1  0.529722
1  9  0  0.441081
5  5  1  0.881058
1  1  1  0.999907
9  9  1  0.999899
0  2  0  0.827072
9  9  1  0.995652
2  0  0  0.681469
0  0  1  0.96138
6  2  0  0.513819
2  2  1  0.944958
4  6  0  0.888253
8  8  1  0.999953
5  5  1  0.995753
7  7  1  0.995649
6  6  1  0.99789
1  1  1  0.999721
2  4  0  0.489155
9  9  1  0.999886
4  4  1  0.983589
5  3  0  0.540061
0  0  1  0.707722
3  1  0  0.448258
3  7  0  0.477663
7  7  1  0.350614
7  4  0  0.414686
7  7  1  0.454997
1  9  0  0.858352
4  4  1  0.78838
5  5  1  0.670369
0  9  0  0.40342
2  6  0  0.473689
8  8  1  0.963919
5  5  1  0.998604
0  0  1  0.616135
0  0  1  0.955204
6  6  1  0.965848
2  5  0  0.399433
0  2  0  0.600229
8  0  0  0.78313
4  4  1  0.810309
5  5  1  0.854513
4  3  0  0.581423
5  5  1  0.948505
6  6  1  0.98765
4  4  1  0.444738
7  7  1  0.999894
9  9  1  0.999755
4  6  0  0.777061
2  3  0  0.547006
0  0  1  0.997233
6  3  0  0.448422
4  2  0  0.931228
0  0  1  0.56446
0  0  1  0.99883
6  3  0  0.502267
4  4  1  0.968753
6  6  1  0.873041
1  1  1  0.893873
9  1  0  0.988611
5  5  1  0.773405
5  3  0  0.657558
2  2  1  0.996672
2  2  1  0.973672
6  3  0  0.721894
3  3  1  0.759
4  4  1  0.459477
5  5  1  0.798815
9  1  0  0.750646
1  1  1  0.821317
7  3  0  0.510937
2  2  1  0.585622
3  3  1  0.500433
9  9  1  0.821079
6  6  1  0.908706
5  5  1  0.968535
0  0  1  0.969618
2  2  1  0.92098
9  1  0  0.561607
7  9  0  0.600422
1  1  1  0.999964
7  7  1  0.989438
2  2  1  0.995486
2  2  1  0.708794
0  0  1  0.802678
8  8  1  0.889024
6  6  1  0.855917
4  4  1  0.970743
3  3  1  0.710854
2  2  1  0.987849
7  7  1  0.477407
7  7  1  0.939924
0  0  1  0.972319
4  4  1  0.990148
1  1  1  0.956135
6  6  1  0.997345
5  5  1  0.99826
1  1  1  0.994897
3  5  0  0.595042
0  4  0  0.426106
3  5  0  0.648955
9  9  1  0.993605
0  0  1  0.628358
0  9  0  0.567973
2  5  0  0.42602
5  0  0  0.479253
0  1  0  0.867567
4  4  1  0.763568
0  0  1  0.999858
1  1  1  0.864508
9  1  0  0.993288
8  3  0  0.599863
4  5  0  0.308286
9  9  1  0.997863
4  5  0  0.659119
2  2  1  0.521599
4  4  1  0.817682
3  3  1  0.98105
3  3  1  0.547412
4  4  1  0.60559
0  8  0  0.80008
4  4  1  0.688269
3  6  0  0.795529
2  5  0  0.771573
8  8  1  0.999996
9  9  1  0.994159
1  6  0  0.748883
5  5  1  0.573375
8  8  1  0.39337
1  1  1  0.997695
8  8  1  0.914581
2  2  1  0.772755
4  6  0  0.822817
5  4  0  0.624052
2  4  0  0.358729
4  4  1  0.937635
1  1  1  0.980267
1  1  1  0.974568
6  6  1  0.785395
6  6  1  0.999553
8  9  0  0.658442
5  5  1  0.508063
2  2  1  0.523824
2  3  0  0.342097
5  5  1  0.932939
0  0  1  0.974637
8  8  1  0.728417
2  2  1  0.763532
3  3  1  0.587153
6  6  1  0.998221
2  2  1  0.947916
9  9  1  0.999954
6  6  1  0.935942
1  1  1  0.885161
4  4  1  0.980064
5  5  1  0.959816
9  9  1  0.999326
0  0  1  0.994286
1  9  0  0.965251
0  7  0  0.9283
0  0  1  0.896876
8  8  1  0.769771
1  1  1  0.914481
1  1  1  0.665976
6  6  1  0.662792
6  6  1  0.990501
9  6  0  0.567158
5  5  1  0.82352
4  4  1  0.477286
1  9  0  0.986359
7  5  0  0.841248
8  8  1  0.670678
6  6  1  0.998926
9  9  1  0.625943
1  1  1  0.994236
7  7  1  0.964922
6  6  1  0.999853
0  0  1  0.995262
9  6  0  0.942073
3  3  1  0.853257
5  3  0  0.468384
3  3  1  0.870782
2  2  1  0.787322
5  7  0  0.213062
3  3  1  0.586145
4  4  1  0.973186
9  9  1  0.609702
7  7  1  0.843354
1  1  1  0.999773
4  4  1  0.38388
4  4  1  0.550023
6  6  1  0.983347
1  1  1  0.999939
3  5  0  0.697593
8  8  1  0.999286
8  8  1  0.998319
0  6  0  0.754119
6  6  1  0.999486
7  7  1  0.888826
7  7  1  0.994754
6  6  1  0.688185
7  7  1  0.998307
2  2  1  0.765321
3  3  1  0.644201
2  2  1  0.735093
2  4  0  0.839623
6  6  1  0.983326
2  2  1  0.999885
7  7  1  0.999339
4  6  0  0.471156
0  8  0  0.45676
3  3  1  0.757027
6  6  1  0.89933
2  2  1  0.995538
6  4  0  0.47747
3  3  1  0.866825
3  2  0  0.378149
0  0  1  0.966298
9  9  1  0.996301
5  3  0  0.502218
1  1  1  0.593215
1  1  1  0.977741
5  5  1  0.947572
3  5  0  0.705522
6  2  0  0.892406
4  4  1  0.818177
3  3  1  0.949819
4  2  0  0.947163
1  1  1  0.897881
0  0  1  0.793991
4  3  0  0.610921
5  3  0  0.490701
5  5  1  0.715243
2  4  0  0.504182
8  8  1  0.795593
9  9  1  0.99959
4  3  0  0.47512
3  3  1  0.938277
1  1  1  0.46698
8  8  1  0.999255
0  0  1  0.465092
1  1  1  0.641803
3  3  1  0.977009
3  3  1  0.878023
4  4  1  0.91756
4  4  1  0.644983
2  6  0  0.736179
9  1  0  0.569162
7  7  1  0.994403
6  2  0  0.389579
8  8  1  0.992794
1  1  1  0.999736
8  8  1  0.992529
9  9  1  0.919294
1  9  0  0.921392
3  3  1  0.893079
1  1  1  0.997821
7  7  1  0.955594
3  3  1  0.86661
0  0  1  0.592941
0  0  1  0.635322
2  2  1  0.992947
8  8  1  0.400756
3  5  0  0.522282
9  9  1  0.96206
2  2  1  0.620499
7  7  1  0.827219
2  4  0  0.981447
6  6  1  0.990146
0  0  1  0.963733
1  1  1  0.999996
6  6  1  0.891158
1  1  1  0.999977
6  6  1  0.98218
7  7  1  0.804035
5  5  1  0.962986
5  5  1  0.908675
2  2  1  0.536792
5  4  0  0.449457
9  9  1  0.642604
4  4  1  0.847818
0  0  1  0.996808
2  1  0  0.453404
3  3  1  0.849207
4  4  1  0.999148
9  1  0  0.952124
4  5  0  0.351829
1  1  1  0.974485
0  0  1  0.97361
0  0  1  0.506549
2  2  1  0.784269
3  4  0  0.537812
8  3  0  0.773023
9  9  1  0.989161
2  2  1  0.964996
8  8  1  0.98023
9  9  1  0.852865
5  3  0  0.507719
7  9  0  0.787452
9  9  1  0.868942
1  1  1  0.999892
4  4  1  0.886496
6  8  0  0.747399
2  2  1  0.77241
8  8  1  0.996742
4  2  0  0.481054
4  4  1  0.371624
8  8  1  0.8781
9  9  1  0.991538
3  5  0  0.598373
1  1  1  0.997285
1  1  1  0.995107
6  6  1  0.820678
5  2  0  0.33604
8  8  1  0.846338
4  4  1  0.877807
6  3  0  0.394141
4  6  0  0.61049
5  5  1  0.973845
2  2  1  0.771396
6  6  1  0.415384
4  4  1  0.594885
2  2  1  0.849476
3  3  1  0.824894
1  6  0  0.446008
3  6  0  0.473493
6  6  1  1
8  8  1  0.982364
5  5  1  0.849956
2  2  1  0.9998
2  0  0  0.857117
7  7  1  0.998898
1  1  1  0.979707
6  6  1  0.829013
2  2  1  0.619625
5  6  0  0.466696
9  9  1  0.978083
2  3  0  0.432972
8  8  1  0.999942
1  1  1  0.902214
6  6  1  0.981594
9  9  1  0.963105
2  5  0  0.741957
7  5  0  0.566362
5  5  1  0.42674
3  3  1  0.700932
2  2  1  0.712332
9  9  1  0.627488
7  7  1  0.997156
0  0  1  0.999854
2  7  0  0.618104
9  9  1  0.982929
3  3  1  0.862697
4  4  1  0.806146
1  1  1  0.987301
7  6  0  0.64974
9  9  1  0.988016
5  5  1  0.981287
8  8  1  0.998778
9  9  1  0.88797
7  7  1  0.981595
3  6  0  0.39536
4  6  0  0.483481
0  0  1  0.936627
9  7  0  0.474243
7  7  1  0.993254
4  4  1  0.42809
2  2  1  0.45589
4  4  1  0.79402
7  7  1  0.999986
0  8  0  0.375088
1  1  1  0.796121
8  8  1  0.989392
1  1  1  0.985416
0  8  0  0.519365
4  7  0  0.498096
6  6  1  0.714141
1  8  0  0.62463
9  9  1  0.98165
9  9  1  0.752731
2  0  0  0.940236
1  8  0  0.593131
2  5  0  0.465191
5  5  1  0.495347
6  6  1  0.999451
9  9  1  0.455253
7  7  1  0.993468
7  7  1  0.394226
3  2  0  0.450867
4  4  1  0.524907
2  2  1  0.71809
0  0  1  0.948719
2  0  0  0.501626
5  5  1  0.985773
6  3  0  0.605334
7  7  1  0.859829
3  6  0  0.657918
7  7  1  0.999892
9  5  0  0.951069
4  4  1  0.450135
2  5  0  0.443858
0  0  1  0.982768
6  6  1  0.934827
1  1  1  0.999104
7  7  1  0.995296
5  5  1  0.968061
6  6  1  0.521874
5  5  1  0.998212
3  7  0  0.787454
9  9  1  0.996875
2  2  1  0.583137
7  7  1  0.973046
8  8  1  0.999108
5  5  1  0.705138
9  9  1  0.999927
5  4  0  0.378085
8  8  1  0.948023
5  5  1  0.504936
4  4  1  0.62592
3  3  1  0.958627
7  7  1  0.981977
9  9  1  0.557044
8  8  1  0.998289
1  1  1  0.998955
2  7  0  0.346807
2  4  0  0.678783
8  8  1  0.465355
9  9  1  0.999024
3  3  1  0.574027
0  0  1  0.749421
8  1  0  0.400331
4  4  1  0.855325
0  0  1  0.996355
2  4  0  0.702028
0  0  1  0.967613
1  1  1  0.999509
4  4  1  0.760969
1  0  0  0.53702
8  8  1  0.432326
5  5  1  0.833342
5  5  1  0.715827
7  7  1  0.955425
9  9  1  0.929002
8  8  1  0.711284
3  5  0  0.854892
7  7  1  0.999862
9  9  1  0.999844
1  1  1  0.991759
5  5  1  0.966077
6  4  0  0.550987
9  9  1  0.999948
8  8  1  0.996155
7  4  0  0.364467
2  2  1  0.518665
0  0  1  0.883143
9  9  1  0.998425
0  0  1  0.944551
8  8  1  0.434923
5  5  1  0.717699
9  9  1  0.957828
4  4  1  0.71168
2  2  1  0.999992
9  9  1  0.871691
8  8  1  0.910078
1  1  1  0.999519
9  9  1  0.782818
1  1  1  0.672937
8  8  1  0.544567
3  3  1  0.506133
7  7  1  0.999969
6  6  1  0.673251
4  4  1  0.88858
2  2  1  0.656821
3  3  1  0.395266
7  7  1  0.995226
0  0  1  0.910161
3  5  0  0.932814
5  5  1  0.351233
8  8  1  0.997108
8  8  1  0.841956
8  8  1  0.997555
7  7  1  0.502443
9  9  1  0.978639
6  6  1  0.869561
2  7  0  0.618662
7  7  1  0.999928
4  4  1  0.995402
5  5  1  0.40481
7  7  1  0.995249
6  6  1  0.90879
7  7  1  0.80723
1  1  1  0.706056
7  7  1  0.548573
3  3  1  0.703364
6  6  1  0.572783
8  8  1  0.971538
2  4  0  0.887601
6  6  1  0.998041
6  6  1  0.999876
7  7  1  0.838073
1  1  1  0.993539
5  5  1  0.410902
9  9  1  0.990157
7  7  1  0.998137
1  1  1  0.983521
7  7  1  0.769671
0  0  1  0.502402
1  1  1  0.980554
6  2  0  0.416898
3  3  1  0.546818
3  3  1  0.289656
9  1  0  0.874807
0  0  1  0.996526
1  1  1  0.987707
2  2  1  0.462191
3  5  0  0.833573
2  2  1  0.566314
2  2  1  0.999005
5  3  0  0.472465
4  6  0  0.305961
9  9  1  0.998404
8  8  1  0.677923
7  7  1  0.986758
4  4  1  0.893039
4  4  1  0.963959
9  9  1  0.950954
7  7  1  0.639001
6  6  1  0.99955
7  7  1  0.990791
7  7  1  0.415688
1  1  1  0.730036
2  2  1  0.906424
3  4  0  0.391597
5  5  1  0.495223
1  1  1  0.993167
9  9  1  0.999968
0  0  1  0.563932
3  6  0  0.685891
3  3  1  0.88397
1  1  1  0.996048
5  5  1  0.997468
6  6  1  0.694322
6  6  1  0.424873
2  2  1  0.72531
4  4  1  0.789231
6  6  1  0.996627
8  8  1  0.999724
8  8  1  0.999338
9  9  1  0.991618
6  6  1  0.843149
6  6  1  0.989968
1  1  1  0.959294
0  0  1  0.91321
7  7  1  0.994635
5  5  1  0.906807
8  8  1  0.999955
2  2  1  0.583036
1  1  1  0.698165
5  5  1  0.51626
8  8  1  0.993953
1  1  1  0.999422
4  4  1  0.761252
7  7  1  0.592437
5  5  1  0.985702
0  0  1  0.99782
3  3  1  0.469504
9  0  0  0.948371
9  9  1  0.981612
5  5  1  0.877768
2  2  1  0.691937
8  8  1  0.996069
4  7  0  0.797014
1  5  0  0.842998
9  9  1  0.660084
0  0  1  0.69128
4  4  1  0.738164
4  4  1  0.926998
8  8  1  0.656642
2  2  1  0.947802
9  3  0  0.488137
0  0  1  0.994149
7  7  1  0.982483
9  9  1  0.701923
8  8  1  0.98933
7  7  1  0.993435
1  1  1  0.977721
3  6  0  0.982863
2  2  1  0.66737
9  9  1  0.964163
9  2  0  0.386185
5  3  0  0.544399
9  9  1  0.99998
7  7  1  0.412558
6  6  1  0.991429
7  7  1  0.963857
7  7  1  0.887259
1  1  1  0.996071
1  1  1  0.976129
2  6  0  0.682771
4  2  0  0.494391
2  2  1  0.853757
0  0  1  0.992349
6  6  1  0.993658
8  8  1  0.998264
7  9  0  0.933588
6  6  1  0.623528
2  4  0  0.633112
2  7  0  0.515129
9  1  0  0.758007
8  0  0  0.674754
2  2  1  0.805664
4  7  0  0.861488
2  0  0  0.751399
0  4  0  0.622148
5  5  1  0.392966
8  8  1  0.999325
6  6  1  0.998894
8  8  1  0.967392
2  2  1  0.904518
7  7  1  0.783037
7  7  1  0.809334
3  9  0  0.793959
1  1  1  0.678752
8  8  1  0.989178
1  1  1  0.997811
6  6  1  0.358661
5  5  1  0.705078
9  9  1  0.99666
7  7  1  0.877799
8  8  1  0.99599
9  9  1  0.999379
6  6  1  0.992961
4  3  0  0.625787
8  8  1  0.999725
1  1  1  0.994049
9  9  1  0.695622
4  4  1  0.880827
0  0  1  0.978413
4  6  0  0.444673
1  1  1  0.998538
4  4  1  0.669447
3  3  1  0.896716
6  6  1  0.990782
2  2  1  0.986842
2  2  1  0.987205
7  0  0  0.872422
0  0  1  0.991885
0  9  0  0.528035
7  7  1  0.982277
0  0  1  0.998488
7  7  1  0.994127
4  3  0  0.273778
3  3  1  0.711611
6  6  1  0.528747
7  7  1  0.996636
7  7  1  0.996239
4  7  0  0.486279
5  5  1  0.922019
4  4  1  0.590647
3  5  0  0.402381
5  3  0  0.672328
5  5  1  0.674936
4  4  1  0.767128
7  0  0  0.83736
1  0  0  0.39086
0  0  1  0.978741
7  7  1  0.96463
7  7  1  0.730077
1  1  1  0.850618
6  6  1  0.988986
5  5  1  0.977027
0  0  1  0.915346
7  7  1  0.947062
7  7  1  0.997917
4  4  1  0.4399
6  6  1  0.702947
1  1  1  0.992247
8  8  1  0.981164
5  5  1  0.889582
9  9  1  0.998779
3  3  1  0.589801
5  5  1  0.932246
6  6  1  0.945953
2  2  1  0.503685
2  2  1  0.724432
7  7  1  0.98276
3  3  1  0.736019
5  5  1  0.71439
8  8  1  0.985502
1  1  1  0.999588
0  9  0  0.953335
6  6  1  0.921457
8  8  1  0.992793
7  7  1  0.966729
8  8  1  0.504543
8  8  1  0.977648
5  5  1  0.777737
7  7  1  0.993246
5  3  0  0.665379
4  4  1  0.75
9  9  1  0.995141
7  7  1  0.979013
3  3  1  0.616511
3  5  0  0.97446
8  8  1  0.995799
8  8  1  0.926761
3  6  0  0.891003
9  9  1  0.653302
4  4  1  0.275458
7  7  1  0.999751
2  4  0  0.442113
0  0  1  0.995955
8  2  0  0.399057
0  0  1  0.916749
7  7  1  0.999631
3  0  0  0.97357
3  5  0  0.548387
2  2  1  0.656554
5  5  1  0.712287
2  2  1  0.767186
4  7  0  0.555496
4  5  0  0.924048
0  0  1  0.997846
4  4  1  0.575797
8  8  1  0.998891
2  2  1  0.597321
4  4  1  0.861652
0  2  0  0.635259
6  3  0  0.593617
4  4  1  0.996928
5  5  1  0.629794
6  6  1  0.975717
0  0  1  0.992081
8  8  1  0.999242
8  0  0  0.716772
0  0  1  0.732584
6  6  1  0.988006
1  1  1  0.998825
1  1  1  0.99654
6  6  1  0.711392
1  1  1  0.946234
4  4  1  0.996792
2  2  1  0.603803
1  1  1  0.7953
1  5  0  0.84969
2  0  0  0.321073
4  3  0  0.346905
4  4  1  0.987228
5  4  0  0.991795
5  3  0  0.620342
8  8  1  0.999315
8  8  1  0.987936
5  5  1  0.99929
1  1  1  0.999155
8  8  1  0.999661
2  2  1  0.884772
3  6  0  0.460472
3  3  1  0.611719
9  9  1  0.910619
6  6  1  0.989911
6  6  1  0.482781
5  6  0  0.810131
0  0  1  0.999761
7  7  1  0.999993
3  3  1  0.688594
3  3  1  0.973784
2  2  1  0.891286
7  7  1  0.7327
4  4  1  0.969481
5  3  0  0.577042
6  6  1  0.990672
0  0  1  0.965062
2  6  0  0.780221
1  1  1  0.701297
8  8  1  0.684207
1  1  1  0.79499
0  0  1  0.977845
9  9  1  0.997912
3  3  1  0.718177
1  1  1  0.656158
0  0  1  0.864475
5  5  1  0.815966
4  4  1  0.962839
2  3  0  0.475173
3  3  1  0.416735
3  3  1  0.831856
6  6  1  0.978691
7  7  1  0.999996
6  6  1  0.6791
0  0  1  0.900252
0  0  1  0.983557
5  5  1  0.917617
7  7  1  0.989267
4  4  1  0.785373
7  7  1  0.906051
7  7  1  0.998382
0  0  1  0.537162
6  6  1  0.996806
1  1  1  0.993656
3  5  0  0.481931
9  9  1  0.999172
0  0  1  0.955405
9  9  1  0.852035
0  0  1  0.957638
3  3  1  0.860498
8  8  1  0.999994
4  4  1  0.704848
8  0  0  0.885054
8  8  1  0.99802
4  4  1  0.889595
1  1  1  0.9995
0  0  1  0.822647
2  2  1  0.323238
2  6  0  0.653375
4  4  1  0.802809
1  1  1  0.979104
1  1  1  0.85761
2  2  1  0.657261
4  4  1  0.840311
3  1  0  0.45777
4  7  0  0.865603
1  1  1  0.994245
4  4  1  0.996405
7  7  1  0.963635
1  1  1  0.744517
0  0  1  0.933598
0  2  0  0.486711
9  9  1  0.998726
0  0  1  0.950235
4  0  0  0.465882
2  2  1  0.377528
8  8  1  0.998216
8  0  0  0.497326
5  5  1  0.970327
5  5  1  0.880485
0  0  1  0.956202
4  3  0  0.405189
0  0  1  0.998605
8  8  1  0.990396
6  2  0  0.640958
2  2  1  0.971905
5  5  1  0.98768
9  9  1  0.924725
2  2  1  0.955473
9  9  1  0.999793
1  1  1  0.999268
1  1  1  0.913059
5  3  0  0.73561
4  4  1  0.829149
7  7  1  0.966029
5  5  1  0.785642
8  8  1  0.989268
6  6  1  0.996907
2  5  0  0.797606
1  1  1  0.609966
5  5  1  0.781056
5  7  0  0.473079
3  5  0  0.524615
4  4  1  0.922625
1  6  0  0.311304
8  8  1  0.968127
9  9  1  0.986808
9  9  1  0.995027
8  8  1  0.999455
9  9  1  0.714892
8  8  1  0.977692
6  6  1  0.999967
8  2  0  0.44335
5  5  1  0.748555
8  8  1  0.999783
9  9  1  0.849274
4  4  1  0.961223
6  6  1  0.998499
2  4  0  0.450662
6  6  1  0.881221
3  3  1  0.83118
7  7  1  0.847951
4  4  1  0.643935
0  0  1  0.847572
0  3  0  0.43902
1  1  1  0.984687
7  7  1  0.999997
5  5  1  0.60062
1  1  1  0.99895
5  5  1  0.618903
9  1  0  0.583307
3  5  0  0.60527
1  1  1  0.999962
6  6  1  0.961338
8  0  0  0.595122
7  3  0  0.309726
3  3  1  0.561775
6  6  1  0.443655
9  9  1  0.876074
1  6  0  0.72986
2  2  1  0.671382
0  4  0  0.498425
1  1  1  0.99473
7  7  1  0.265899
2  2  1  0.7092
6  3  0  0.840758
1  1  1  0.999373
9  1  0  0.407835
0  0  1  0.506718
0  0  1  0.943134
8  1  0  0.513902
9  9  1  0.999674
9  9  1  0.732799
2  0  0  0.361801
8  8  1  0.888067
6  4  0  0.530324
2  5  0  0.781779
5  5  1  0.855603
6  5  0  0.659715
0  0  1  0.999368
3  3  1  0.834364
3  3  1  0.410057
0  0  1  0.993596
7  5  0  0.398732
4  4  1  0.986016
7  7  1  0.997519
5  5  1  0.490242
0  3  0  0.558105
1  1  1  0.999377
6  2  0  0.284944
8  8  1  0.901546
8  8  1  0.99827
1  1  1  0.993445
2  6  0  0.696979
1  8  0  0.48787
5  3  0  0.64688
4  7  0  0.808667
5  5  1  0.996665
9  9  1  0.999571
6  6  1  0.902237
7  7  1  0.767799
1  1  1  0.998623
0  0  1  0.996041
6  6  1  0.903155
9  9  1  0.998939
2  4  0  0.373982
7  2  0  0.860992
7  7  1  0.713921
3  3  1  0.334574
9  3  0  0.613084
9  9  1  0.999634
1  1  1  0.997341
9  9  1  0.996655
7  7  1  0.999621
0  0  1  0.997618
1  1  1  0.999561
3  3  1  0.922358
5  5  1  0.927122
4  4  1  0.979445
6  6  1  0.817985
3  3  1  0.908706
8  8  1  0.98239
8  8  1  0.895517
0  0  1  0.931416
4  4  1  0.882387
8  8  1  0.994757
3  3  1  0.552454
6  6  1  0.841855
7  7  1  0.763709
0  3  0  0.929496
0  0  1  0.999982
4  9  0  0.670244
5  5  1  0.864505
2  2  1  0.968176
6  6  1  0.993372
8  8  1  0.999465
4  4  1  0.974025
9  9  1  0.989145
9  9  1  0.997568
9  9  1  0.971888
2  3  0  0.343713
0  0  1  0.948672
4  5  0  0.393852
2  2  1  0.988002
8  8  1  0.999154
1  1  1  0.998657
1  1  1  0.999139
0  0  1  0.941177
0  0  1  0.9975
3  4  0  0.743892
7  2  0  0.904824
4  4  1  0.896292
1  1  1  0.98912
1  1  1  0.997644
9  9  1  0.957739
7  7  1  0.853746
7  7  1  0.989232
4  4  1  0.384425
6  6  1  0.856614
8  8  1  0.88352
6  6  1  0.854217
0  2  0  0.477381
2  2  1  0.977388
8  8  1  0.999367
5  5  1  0.997597
3  1  0  0.537944
5  3  0  0.50597
3  3  1  0.494245
5  5  1  0.994629
7  7  1  0.99812
9  9  1  0.999955
8  8  1  0.74748
4  9  0  0.275443
4  4  1  0.947512
3  3  1  0.414992
1  1  1  0.996785
4  4  1  0.957495
8  8  1  0.860295
3  4  0  0.995257
6  6  1  0.998758
5  5  1  0.977535
3  3  1  0.96775
0  0  1  0.660769
8  1  0  0.578924
9  9  1  0.882283
5  5  1  0.654441
7  7  1  0.997696
6  6  1  0.99692
2  2  1  0.529879
0  0  1  0.999683
4  2  0  0.58407
9  9  1  0.999998
9  9  1  0.994975
0  0  1  0.997599
5  5  1  0.498704
2  5  0  0.511415
3  3  1  0.919379
6  2  0  0.591831
1  1  1  0.999883
1  1  1  0.996473
0  0  1  0.998326
2  2  1  0.990439
8  8  1  0.986773
2  2  1  0.756235
1  1  1  0.998004
1  1  1  0.988832
7  7  1  0.55315
5  5  1  0.997611
2  2  1  0.998394
3  3  1  0.554856
4  4  1  0.421548
1  1  1  0.988337
2  2  1  0.537266
9  9  1  0.960661
2  2  1  0.76317
1  1  1  0.67135
3  1  0  0.607873
4  4  1  0.837909
8  8  1  0.999813
9  1  0  0.567397
0  1  0  0.356405
0  3  0  0.370179
4  6  0  0.557432
9  1  0  0.628661
0  0  1  0.824314
2  2  1  0.96861
2  2  1  0.791942
0  0  1  0.577359
6  6  1  0.999645
8  8  1  0.99996
7  7  1  0.999977
3  3  1  0.654343
3  3  1  0.916623
8  8  1  0.999619
9  9  1  0.967294
0  0  1  0.971996
2  5  0  0.734559
5  2  0  0.731144
3  3  1  0.916328
6  6  1  0.885582
1  1  1  0.997046
3  3  1  0.724782
9  9  1  0.492645
5  5  1  0.962433
0  9  0  0.574397
5  5  1  0.825549
4  4  1  0.438689
4  4  1  0.865506
0  0  1  0.981073
1  1  1  0.844134
1  3  0  0.855382
6  4  0  0.484645
1  1  1  0.902723
7  7  1  0.971876
9  9  1  0.998026
9  9  1  0.806899
6  6  1  0.998078
2  2  1  0.891727
4  4  1  0.946109
3  7  0  0.994589
8  1  0  0.982279
3  3  1  0.968897
4  4  1  0.993258
7  7  1  0.999999
0  0  1  0.458691
2  2  1  0.758681
8  8  1  0.999842
4  4  1  0.269786
8  8  1  0.942563
3  5  0  0.609381
8  8  1  0.993035
8  8  1  0.999686
8  8  1  0.978653
3  3  1  0.527421
3  3  1  0.38835
5  5  1  0.871408
7  7  1  0.993611
7  3  0  0.432745
0  0  1  0.434893
4  4  1  0.911147
1  1  1  0.988479
5  2  0  0.379238
9  3  0  0.785682
7  7  1  0.975358
0  0  1  0.981479
6  6  1  0.999581
8  0  0  0.524612
4  3  0  0.800078
9  9  1  0.993198
0  0  1  0.988837
1  1  1  0.647059
8  8  1  0.987071
9  9  1  0.999992
6  6  1  0.682576
3  5  0  0.707988
9  3  0  0.578526
2  2  1  0.996549
4  4  1  0.688735
4  4  1  0.930513
0  3  0  0.510092
3  3  1  0.714752
3  5  0  0.763291
5  4  0  0.668555
4  4  1  0.928399
5  3  0  0.475892
1  1  1  0.999856
1  1  1  0.992359
8  8  1  0.953835
2  2  1  0.93544
2  2  1  0.990706
9  1  0  0.473985
3  3  1  0.466884
7  7  1  0.956166
8  8  1  0.60574
9  9  1  0.974925
2  2  1  0.958522
3  3  1  0.332012
1  1  1  0.98183
7  7  1  0.959561
3  3  1  0.611114
2  2  1  0.745114
3  5  0  0.766724
0  4  0  0.452236
1  1  1  0.852304
9  2  0  0.415535
5  5  1  0.381465
5  5  1  0.522754
3  3  1  0.701216
4  7  0  0.747253
5  3  0  0.498232
2  2  1  0.420364
0  0  1  0.99926
0  0  1  0.999938
3  5  0  0.517521
1  1  1  0.998483
3  3  1  0.627547
4  5  0  0.389609
7  7  1  0.398001
4  4  1  0.966333
2  4  0  0.323782
8  8  1  0.989377
4  4  1  0.773392
8  8  1  0.974251
9  9  1  0.99934
9  3  0  0.488123
4  4  1  0.500882
2  2  1  0.449186
4  4  1  0.792185
3  5  0  0.459677
6  6  1  0.997896
4  4  1  0.875318
6  6  1  0.658128
4  3  0  0.396648
6  6  1  0.909338
6  6  1  0.966793
3  3  1  0.547703
8  1  0  0.632552
7  7  1  0.982834
4  4  1  0.912365
8  1  0  0.633735
0  0  1  0.352397
5  5  1  0.698962
9  9  1  0.560829
3  3  1  0.686514
9  2  0  0.580754
0  0  1  0.99992
7  7  1  0.98305
5  5  1  0.706405
1  1  1  0.997478
9  9  1  0.927956
7  4  0  0.532297
9  9  1  0.998805
1  1  1  0.989548
8  1  0  0.641444
4  4  1  0.772153
2  2  1  0.965047
1  1  1  0.999986
6  6  1  0.661197
4  4  1  0.86737
3  3  1  0.62457
0  2  0  0.462294
1  1  1  0.995676
4  4  1  0.916327
8  8  1  0.701071
6  6  1  0.655973
1  1  1  0.99863
7  7  1  0.848115
1  1  1  0.975034
3  3  1  0.501315
5  4  0  0.821492
4  7  0  0.535978
3  3  1  0.512955
3  6  0  0.632028
9  9  1  0.791362
7  7  1  0.946881
8  8  1  0.916666
2  5  0  0.355396
5  5  1  0.918768
5  3  0  0.458914
4  7  0  0.509519
5  5  1  0.841737
4  4  1  0.527922
5  7  0  0.443478
7  7  1  0.970874
2  2  1  0.524193
5  5  1  0.98812
5  3  0  0.513109
1  1  1  0.999984
7  5  0  0.901642
7  7  1  0.983024
8  8  1  0.999242
3  5  0  0.609664
6  6  1  0.893885
0  9  0  0.560493
2  2  1  0.973642
5  5  1  0.96337
2  2  1  0.961431
3  2  0  0.54799
7  7  1  0.854808
4  4  1  0.79679
2  7  0  0.772903
1  1  1  0.999189
6  6  1  0.997453
8  8  1  0.992766
6  6  1  0.969499
8  8  1  0.826117
3  3  1  0.738712
2  2  1  0.922762
7  7  1  0.882411
7  3  0  0.545311
9  9  1  0.984145
7  7  1  0.999994
1  1  1  0.951206
4  4  1  0.817063
7  3  0  0.471089
4  3  0  0.621955
6  6  1  0.997841
1  1  1  0.999991
7  7  1  0.88078
3  3  1  0.691047
0  0  1  0.976402
0  0  1  0.997319
6  6  1  0.934477
6  6  1  0.568105
8  8  1  0.996854
6  6  1  0.999962
6  6  1  0.992927
0  0  1  0.987033
3  3  1  0.72184
4  4  1  0.916927
7  7  1  0.617414
4  4  1  0.965441
9  8  0  0.865442
4  4  1  0.315127
9  9  1  0.978033
9  9  1  0.705292
3  5  0  0.5291
4  4  1  0.87157
1  1  1  0.996489
4  4  1  0.876375
0  8  0  0.505761
3  3  1  0.389014
7  7  1  0.999594
1  1  1  0.999105
2  2  1  0.672284
2  6  0  0.618923
8  8  1  0.660669
4  4  1  0.518602
7  7  1  0.793978
8  8  1  0.993167
5  5  1  0.597785
5  3  0  0.713531
6  6  1  0.773558
5  2  0  0.272609
6  6  1  0.523516
0  0  1  0.984162
6  6  1  0.998657
4  4  1  0.909033
9  9  1  0.998684
3  3  1  0.361733
2  2  1  0.74216
7  7  1  0.834091
3  3  1  0.954923
8  8  1  0.567824
3  3  1  0.913292
9  9  1  0.999934
4  5  0  0.291107
1  1  1  0.999892
6  6  1  0.997824
9  9  1  0.614016
9  9  1  0.917178
4  4  1  0.576332
3  3  1  0.82203
9  9  1  0.999378
8  8  1  0.759782
1  1  1  0.981804
6  3  0  0.58664
9  9  1  0.999938
5  5  1  0.895599
9  9  1  0.933597
0  0  1  0.943237
9  9  1  0.999717
7  7  1  0.999874
2  5  0  0.376904
2  2  1  0.42033
4  4  1  0.983235
2  4  0  0.7215
6  6  1  0.988464
4  4  1  0.89084
8  9  0  0.60103
1  1  1  0.999931
9  9  1  0.997065
5  5  1  0.949766
6  6  1  0.887887
5  3  0  0.598265
1  1  1  0.974025
8  8  1  0.876806
6  6  1  0.992678
6  0  0  0.766891
7  7  1  0.482729
6  6  1  0.982274
5  5  1  0.922756
0  1  0  0.807827
2  3  0  0.541178
7  9  0  0.844399
6  6  1  0.673805
1  1  1  0.943635
2  2  1  0.909736
3  0  0  0.799713
1  1  1  0.999762
6  6  1  0.725943
4  4  1  0.992886
9  9  1  0.582645
0  0  1  0.999847
3  2  0  0.56815
9  9  1  0.999528
1  1  1  0.970674
0  0  1  0.821748
5  5  1  0.932426
3  4  0  0.713129
1  1  1  0.989457
6  6  1  0.994011
9  9  1  0.999499
8  8  1  0.996376
9  9  1  0.624615
0  0  1  0.992286
6  6  1  0.999604
1  1  1  0.99946
6  6  1  0.997303
2  2  1  0.358963
3  3  1  0.663137
5  5  1  0.992559
6  6  1  0.992311
9  1  0  0.50621
0  0  1  0.500634
7  7  1  0.998449
2  2  1  0.980911
4  7  0  0.446841
0  8  0  0.851781
3  3  1  0.997886
6  3  0  0.735763
8  8  1  0.999986
6  6  1  0.883256
9  9  1  0.835014
1  1  1  0.982361
9  9  1  0.314618
0  4  0  0.961387
6  1  0  0.941203
4  2  0  0.712014
5  3  0  0.706407
9  9  1  0.940323
5  5  1  0.958196
4  4  1  0.526307
1  1  1  0.863094
9  9  1  0.999929
2  4  0  0.650479
0  0  1  0.969315
7  7  1  0.969911
3  5  0  0.578315
5  3  0  0.566598
1  1  1  0.998407
8  8  1  0.999389
3  5  0  0.717699
0  0  1  0.986426
5  5  1  0.978419
2  2  1  0.581128
8  8  1  0.881024
8  8  1  0.995037
3  3  1  0.866482
9  9  1  0.868696
6  6  1  0.905957
0  0  1  0.931169
3  3  1  0.513654
5  5  1  0.682977
3  3  1  0.88394
4  4  1  0.837073
1  1  1  0.889797
5  4  0  0.297171
0  0  1  0.999907
7  5  0  0.503558
3  6  0  0.500177
9  9  1  0.994474
4  4  1  0.407364
5  5  1  0.648542
3  3  1  0.547046
1  1  1  0.996582
4  4  1  0.546152
2  6  0  0.718246
4  4  1  0.310582
9  9  1  0.999921
9  9  1  0.839286
7  7  1  0.998833
1  1  1  0.950913
7  7  1  0.998961
0  0  1  0.903414
1  1  1  0.999845
2  2  1  0.863901
1  1  1  0.999894
5  3  0  0.585042
3  3  1  0.924551
8  8  1  0.65932
4  3  0  0.604452
1  1  1  0.999944
5  3  0  0.536663
1  9  0  0.702293
9  9  1  0.998095
9  9  1  0.571086
7  7  1  0.999356
0  0  1  0.988754
1  1  1  0.994995
7  7  1  0.983264
6  6  1  0.99947
2  2  1  0.986736
6  6  1  0.967894
5  5  1  0.902827
0  1  0  0.695669
3  3  1  0.326945
1  1  1  0.925352
3  3  1  0.393535
8  9  0  0.688797
9  9  1  0.999722
9  9  1  0.804249
0  0  1  0.805273
8  8  1  0.999322
8  8  1  0.587519
7  5  0  0.702676
9  9  1  0.91186
2  0  0  0.791671
9  9  1  0.973399
1  1  1  0.98828
3  3  1  0.510585
6  6  1  0.998732
7  7  1  0.784036
6  6  1  0.783388
0  8  0  0.905366
8  8  1  0.998078
6  6  1  0.997964
2  2  1  0.928456
4  3  0  0.359393
2  2  1  0.866683
3  3  1  0.995799
5  5  1  0.731681
5  5  1  0.804555
4  7  0  0.511945
1  1  1  0.997795
6  6  1  0.999529
7  4  0  0.623519
1  1  1  0.992539
6  4  0  0.914633
1  1  1  0.988541
7  7  1  0.993645
1  1  1  0.947995
6  6  1  0.958786
2  2  1  0.895149
3  6  0  0.55654
0  0  1  0.980015
4  4  1  0.680815
2  2  1  0.487971
9  9  1  0.990882
7  7  1  0.997554
5  9  0  0.443703
5  7  0  0.40431
6  6  1  0.332137
0  0  1  0.94257
8  9  0  0.878242
8  8  1  0.932577
1  1  1  0.999285
1  1  1  0.991031
3  3  1  0.867686
5  5  1  0.993911
6  6  1  0.961851
5  3  0  0.375006
3  3  1  0.933133
8  8  1  0.992935
7  7  1  0.991067
5  7  0  0.33068
0  0  1  0.900488
7  7  1  0.960637
7  7  1  0.637029
5  5  1  0.509348
7  9  0  0.389103
1  1  1  0.999514
9  9  1  0.965026
9  9  1  0.602202
1  1  1  0.902484
9  1  0  0.553978
9  9  1  0.982717
3  3  1  0.712283
5  5  1  0.974843
5  5  1  0.987159
3  3  1  0.786761
0  0  1  0.87674
3  9  0  0.702183
0  0  1  0.963284
6  6  1  0.998842
6  6  1  0.870225
5  0  0  0.560675
6  6  1  0.366943
8  8  1  0.9961
9  9  1  0.517424
4  4  1  0.27328
5  5  1  0.526135
1  1  1  0.999789
1  1  1  0.996214
2  2  1  0.951078
7  7  1  0.889122
9  9  1  0.918792
0  0  1  0.997754
1  1  1  0.935546
2  0  0  0.752733
5  5  1  0.934276
4  4  1  0.727591
4  4  1  0.876274
7  7  1  0.990006
4  4  1  0.781498
8  8  1  0.998765
3  3  1  0.347452
3  3  1  0.51241
5  5  1  0.293912
3  4  0  0.446944
5  5  1  0.843674
7  9  0  0.764088
0  0  1  0.99971
1  1  1  0.979054
2  2  1  0.655918
9  9  1  0.999825
8  3  0  0.606722
1  1  1  0.5572
7  7  1  0.718798
3  3  1  0.684309
5  5  1  0.875622
9  9  1  0.990593
1  1  1  0.997551
9  9  1  0.97581
1  1  1  0.48024
1  0  0  0.473971
3  5  0  0.753889
6  6  1  0.47708
7  3  0  0.568628
4  4  1  0.767117
8  0  0  0.236677
3  3  1  0.648063
5  5  1  0.939114
6  6  1  0.98779
7  5  0  0.774953
0  0  1  0.969145
1  1  1  0.999799
7  7  1  0.498014
7  7  1  0.999553
2  3  0  0.696691
3  3  1  0.628139
3  3  1  0.792645
5  6  0  0.661466
1  1  1  0.99812
