7  7  1  0.999877
2  2  1  1
1  1  1  0.999878
0  0  1  0.999548
4  4  1  0.999943
1  1  1  0.999948
4  4  1  0.999688
9  9  1  0.999453
5  5  1  0.986992
9  9  1  0.999924
0  0  1  1
6  6  1  0.999998
9  9  1  0.999935
0  0  1  0.999979
1  1  1  0.99997
5  5  1  0.999929
9  9  1  0.999963
7  7  1  0.99995
3  3  1  0.918457
4  4  1  1
9  9  1  0.999455
6  6  1  0.960715
6  6  1  0.999998
5  5  1  1
4  4  1  0.99998
0  0  1  0.999925
7  7  1  0.999918
4  4  1  1
0  0  1  0.999974
1  1  1  0.999707
3  3  1  1
1  1  1  0.99909
3  3  1  1
4  4  1  0.998346
7  7  1  0.999996
2  2  1  0.999992
7  7  1  0.570967
1  1  1  0.999911
2  2  1  0.999974
1  1  1  0.999964
1  1  1  0.996131
7  7  1  0.932686
4  4  1  0.99999
2  2  1  0.999202
3  3  1  0.999998
5  5  1  0.999996
1  1  1  0.999776
2  2  1  0.999999
4  4  1  0.999957
4  4  1  0.999991
6  6  1  0.999978
3  3  1  1
5  5  1  0.999998
5  5  1  0.999995
6  6  1  1
0  0  1  0.999992
4  4  1  1
1  1  1  0.999749
9  9  1  0.999736
5  5  1  0.999748
7  7  1  0.999944
8  8  1  0.999534
9  9  1  0.883548
3  3  1  0.999728
7  7  1  0.999977
4  4  1  0.999466
6  6  1  0.999996
4  4  1  0.999991
3  3  1  1
0  0  1  0.999973
7  7  1  0.999659
0  0  1  1
2  2  1  0.999998
9  9  1  0.999109
1  1  1  0.999891
7  7  1  0.999967
3  3  1  1
2  2  1  0.99992
9  9  1  0.999109
7  7  1  0.999047
7  7  1  0.999508
6  6  1  0.999996
2  2  1  1
7  7  1  0.999995
8  8  1  0.999999
4  4  1  0.999999
7  7  1  0.999941
3  3  1  0.999996
6  6  1  1
1  1  1  0.999715
3  3  1  1
6  6  1  0.999999
9  9  1  0.927975
3  3  1  1
1  1  1  0.999699
4  4  1  0.999578
1  1  1  0.994857
7  7  1  0.999993
6  6  1  0.999951
9  9  1  0.999997
6  6  1  0.999991
0  0  1  0.99999
5  5  1  0.999989
4  4  1  1
9  9  1  0.983149
9  9  1  0.999938
2  2  1  1
1  1  1  0.999761
9  9  1  0.999874
4  4  1  0.999998
8  8  1  1
7  7  1  0.99827
3  3  1  1
9  9  1  0.999942
7  7  1  0.998314
4  9  0  0.559256
4  4  1  0.999946
4  4  1  1
9  9  1  0.999856
2  2  1  0.998238
5  5  1  0.999994
4  4  1  0.999331
7  7  1  0.998922
6  6  1  1
7  7  1  0.999955
9  9  1  0.99331
0  0  1  0.999965
5  5  1  1
8  8  1  1
5  5  1  1
6  6  1  1
6  6  1  0.999996
5  5  1  0.999997
7  7  1  0.999792
8  8  1  1
1  1  1  0.999984
0  0  1  0.999992
1  1  1  0.999897
6  6  1  1
4  4  1  0.994538
6  6  1  0.999972
7  7  1  0.999997
3  3  1  0.999994
1  1  1  0.999974
7  7  1  0.99982
1  1  1  0.999637
8  8  1  1
2  2  1  1
0  0  1  0.999988
2  2  1  0.99605
9  9  1  0.999973
9  9  1  0.987976
5  5  1  1
5  5  1  0.99994
1  1  1  0.999842
5  5  1  1
6  6  1  0.999971
0  0  1  0.99993
3  3  1  0.997892
4  4  1  0.999938
4  4  1  0.999457
6  6  1  1
5  5  1  1
4  4  1  1
6  6  1  0.999997
5  5  1  1
4  4  1  0.999998
5  5  1  0.981655
1  1  1  0.999956
4  4  1  1
4  4  1  1
7  7  1  0.997633
2  2  1  0.999996
3  3  1  0.999985
2  2  1  1
7  7  1  0.92077
1  1  1  0.999407
8  8  1  0.999976
1  1  1  0.999986
8  8  1  0.999965
1  1  1  0.999962
8  8  1  1
5  5  1  0.999964
0  0  1  1
8  8  1  0.961822
9  9  1  0.999876
2  2  1  1
5  5  1  0.999675
0  0  1  1
1  1  1  0.996013
1  1  1  0.999178
1  1  1  0.999082
0  0  1  0.999976
9  9  1  0.992911
0  0  1  0.99994
3  3  1  0.998803
1  1  1  0.999965
6  6  1  0.999998
4  4  1  1
2  2  1  0.999974
3  3  1  0.999996
6  6  1  1
1  1  1  0.999972
1  1  1  0.999241
1  1  1  0.999866
3  3  1  1
9  9  1  0.999951
5  5  1  0.999993
2  2  1  1
9  9  1  0.99985
4  4  1  0.999996
5  5  1  0.981894
9  9  1  1
3  3  1  0.999969
9  9  1  0.999742
0  0  1  0.999981
3  3  1  1
6  6  1  0.954139
5  5  1  0.999999
5  5  1  0.99994
7  7  1  0.999955
2  2  1  0.999914
2  2  1  1
7  7  1  0.999832
1  1  1  0.997698
2  2  1  0.99986
8  8  1  0.999999
4  4  1  0.999985
1  1  1  0.999931
7  7  1  0.997485
3  3  1  0.999996
3  3  1  0.999999
8  8  1  0.998728
8  8  1  0.999501
7  7  1  0.991821
9  9  1  0.997157
2  2  1  1
2  2  1  1
4  4  1  1
1  1  1  0.99994
5  5  1  0.999998
9  9  1  0.977337
8  8  1  0.999999
7  7  1  0.998663
2  2  1  0.999886
3  3  1  0.999804
0  0  1  0.999997
4  2  0  0.8762
4  4  1  0.999996
2  2  1  0.999959
4  4  1  0.999961
1  1  1  0.999007
9  9  1  0.999999
5  5  1  0.999999
7  7  1  0.999517
7  7  1  0.963194
2  2  1  0.999983
8  8  1  0.999746
2  2  1  1
6  6  1  0.978376
8  8  1  0.999984
5  5  1  0.999978
7  7  1  0.999995
7  7  1  0.999788
9  9  1  0.996912
1  1  1  0.999924
8  8  1  0.997512
1  1  1  0.999956
8  8  1  0.995218
0  0  1  0.999964
3  3  1  1
0  0  1  0.999979
1  1  1  0.999921
9  9  1  0.998462
9  9  1  0.997292
4  4  1  0.999998
1  1  1  0.999996
8  8  1  0.999998
2  2  1  0.999989
1  1  1  0.999914
2  2  1  0.99999
9  9  1  0.999999
7  7  1  0.994928
5  5  1  0.999999
9  9  1  0.999838
2  2  1  1
6  6  1  0.999344
4  4  1  0.999926
1  1  1  0.999711
5  5  1  0.99965
8  8  1  0.999285
2  2  1  0.999967
9  9  1  0.998726
2  2  1  1
0  0  1  0.999914
4  4  1  1
0  0  1  1
0  0  1  0.999931
2  2  1  0.999999
8  8  1  1
4  4  1  0.999237
7  7  1  0.99928
1  1  1  0.999929
2  2  1  0.995652
4  4  1  0.999999
0  0  1  0.999986
2  2  1  1
7  7  1  0.998145
4  4  1  0.999743
3  3  1  1
3  3  1  0.999999
0  0  1  0.999996
0  0  1  0.999998
3  3  1  0.999418
1  1  1  0.999945
9  9  1  0.999507
6  6  1  0.999182
5  5  1  1
2  2  1  0.999902
5  5  1  1
9  9  1  0.981558
2  2  1  0.748942
9  9  1  0.999999
3  3  1  1
0  0  1  0.962429
4  4  1  0.999993
2  2  1  0.954327
0  0  1  0.999997
7  7  1  0.999314
1  1  1  0.99998
1  1  1  0.999968
2  2  1  0.999999
1  1  1  0.999993
5  5  1  0.999988
3  3  1  1
3  3  1  0.999985
9  9  1  0.998654
7  7  1  0.962685
8  8  1  0.999939
6  6  1  0.993929
5  3  0  0.869674
6  6  1  0.998166
1  1  1  0.999924
3  3  1  1
8  8  1  0.999985
1  1  1  0.999946
0  0  1  0.999992
5  5  1  0.99998
1  1  1  0.999896
3  3  1  0.999934
1  1  1  0.999599
5  5  1  1
5  5  1  0.999987
6  6  1  0.999999
1  1  1  0.999816
8  8  1  0.999843
5  5  1  1
1  1  1  0.998047
7  7  1  0.985509
9  9  1  0.893589
4  4  1  0.999991
6  6  1  1
2  2  1  0.999994
2  2  1  0.999803
5  5  1  1
0  0  1  0.999976
6  6  1  0.999188
5  5  1  0.999999
6  6  1  0.999587
3  3  1  0.999994
7  7  1  0.999833
2  2  1  1
0  0  1  0.999505
8  8  1  0.999994
8  8  1  0.999982
5  5  1  1
4  4  1  0.999957
1  1  1  0.999859
1  1  1  0.99991
4  4  1  1
0  0  1  0.999984
3  3  1  0.995926
3  3  1  1
7  7  1  0.999484
6  6  1  1
1  1  1  0.999913
6  6  1  0.999749
2  2  1  0.999983
1  1  1  0.999926
9  9  1  0.99992
2  2  1  1
8  8  1  0.99906
6  6  1  1
1  1  1  0.999948
9  9  1  0.995417
5  5  1  0.999995
2  2  1  1
5  5  1  0.999658
4  4  1  1
4  4  1  0.999986
2  2  1  0.999956
8  8  1  0.999951
3  3  1  1
8  8  1  0.999864
2  2  1  0.997067
4  4  1  1
5  5  1  0.999768
0  0  1  0.999999
3  3  1  0.999995
1  1  1  0.996492
7  7  1  0.999999
7  7  1  0.99786
5  5  1  0.999414
7  7  1  0.999881
9  9  1  0.998257
7  7  1  0.9999
1  1  1  0.999985
9  9  1  0.987295
2  2  1  0.999999
1  1  1  0.999924
4  4  1  0.99829
2  2  1  0.999165
9  9  1  0.999973
2  2  1  1
0  0  1  0.999997
4  4  1  0.99998
9  9  1  0.999981
1  1  1  0.999815
4  4  1  0.999998
8  8  1  1
1  1  1  0.999974
8  8  1  0.997139
4  4  1  0.999198
5  5  1  0.999999
9  9  1  0.999305
8  8  1  0.996435
8  8  1  0.999973
3  3  1  1
7  7  1  0.999396
6  6  1  0.9993
0  0  1  1
0  0  1  0.999932
3  3  1  1
0  0  1  0.998511
2  2  1  0.999845
6  6  1  0.540073
6  6  1  0.999782
4  4  1  0.980298
9  9  1  0.948233
3  5  0  0.917301
3  3  1  0.999409
3  3  1  1
2  2  1  0.999974
3  3  1  1
9  9  1  0.99968
1  1  1  0.99996
2  2  1  0.997283
6  6  1  0.996635
8  8  1  1
0  0  1  0.999974
5  5  1  0.996193
6  6  1  0.999997
6  6  1  0.999554
6  6  1  1
3  3  1  0.999832
8  8  1  0.999905
8  8  1  0.999996
2  2  1  0.999999
7  7  1  0.999294
5  5  1  0.999677
8  8  1  0.999983
9  9  1  0.998732
6  6  1  1
1  1  1  0.998798
8  8  1  0.999988
4  4  1  0.999955
1  1  1  0.999951
2  2  1  0.999989
5  5  1  0.999702
9  9  1  0.999169
1  1  1  0.999857
9  9  1  0.999999
7  7  1  0.999951
5  5  1  0.999894
4  4  1  1
0  0  1  0.999917
8  8  1  1
9  9  1  0.999941
9  9  1  0.999663
1  1  1  0.999905
0  0  1  0.99395
5  5  1  0.999824
2  2  1  0.980543
3  3  1  1
7  7  1  0.99999
8  8  1  0.910175
9  9  1  0.999984
4  4  1  0.997296
0  0  1  0.999773
6  6  1  0.996728
3  3  1  1
9  9  1  0.999999
5  5  1  0.999199
2  2  1  1
1  1  1  0.999646
3  3  1  0.999999
1  1  1  0.999778
3  3  1  0.999776
6  6  1  0.986537
5  5  1  0.99997
7  7  1  0.999766
4  4  1  0.990732
2  2  1  1
2  2  1  1
6  6  1  1
3  3  1  0.999814
2  2  1  0.999999
6  6  1  1
5  5  1  1
4  4  1  0.99994
8  8  1  0.99996
9  9  1  0.999926
7  7  1  0.999472
1  1  1  0.997217
3  3  1  0.999972
0  0  1  1
3  3  1  1
8  8  1  0.99999
3  3  1  0.999604
1  1  1  0.999953
9  9  1  0.998133
3  3  1  0.999999
4  4  1  0.999913
4  4  1  1
6  6  1  0.99997
4  4  1  0.999999
2  2  1  0.999988
1  1  1  0.999978
8  8  1  0.999945
2  2  1  0.999998
5  5  1  0.999999
4  4  1  0.999999
8  8  1  0.967995
8  8  1  0.97635
4  4  1  0.999997
0  0  1  0.998954
0  0  1  0.999997
2  2  1  0.999801
3  3  1  1
2  2  1  0.999998
7  7  1  0.99693
7  7  1  0.795582
0  0  1  0.99853
8  8  1  0.999982
7  7  1  0.99996
4  4  1  0.999994
4  4  1  1
7  7  1  0.970861
9  9  1  0.999998
6  6  1  0.999993
9  9  1  0.999982
0  0  1  0.99983
9  9  1  0.999395
8  8  1  0.99914
0  0  1  0.999934
4  4  1  0.999994
6  6  1  0.999576
0  0  1  0.999551
6  6  1  0.999529
3  3  1  0.999999
5  5  1  0.999996
4  4  1  0.996251
8  8  1  0.999996
3  3  1  1
3  3  1  0.999999
9  9  1  0.999989
3  3  1  1
3  3  1  1
3  3  1  0.999281
7  7  1  0.999997
8  8  1  0.999951
0  0  1  0.999456
8  2  0  0.993683
2  2  1  0.608513
1  1  1  0.999763
7  7  1  0.999994
0  0  1  0.999982
6  6  1  0.999994
5  5  1  1
4  4  1  0.999997
3  3  1  1
8  8  1  0.995492
0  0  1  0.999998
9  9  1  0.99935
6  6  1  0.999994
3  3  1  0.999999
8  8  1  0.999985
0  0  1  0.999894
9  9  1  0.999994
9  9  1  0.999995
6  6  1  0.999994
8  8  1  0.999481
6  6  1  1
8  8  1  0.99997
5  5  1  1
7  7  1  0.999747
8  8  1  0.999984
6  6  1  1
0  0  1  0.999999
2  2  1  0.999999
4  4  1  0.999536
0  0  1  0.999961
2  2  1  1
2  2  1  0.996602
3  3  1  0.999998
1  1  1  0.999885
9  9  1  0.999996
7  7  1  0.999977
5  5  1  0.998784
1  1  1  0.686391
0  0  1  0.999922
8  8  1  0.999999
4  4  1  0.999999
6  6  1  0.999999
2  2  1  0.999796
6  6  1  0.962218
7  7  1  0.999996
9  9  1  0.999063
3  3  1  0.999986
2  2  1  0.995332
9  9  1  0.999591
8  8  1  0.999994
2  2  1  0.999996
2  2  1  1
9  9  1  0.999991
2  2  1  0.99985
7  7  1  0.999996
3  3  1  0.999993
5  5  1  0.999992
9  9  1  0.999997
1  1  1  0.999828
8  8  1  0.999771
0  0  1  0.999908
2  2  1  1
0  0  1  0.999997
5  5  1  0.996651
2  6  0  0.562738
1  1  1  0.99995
3  3  1  1
7  7  1  0.995425
6  6  1  0.999038
7  7  1  0.999986
1  1  1  0.999962
2  2  1  1
5  5  1  0.999574
8  8  1  0.996179
0  0  1  1
3  3  1  1
7  7  1  0.982772
2  1  0  0.784091
4  4  1  1
0  0  1  0.999944
9  9  1  0.999999
1  1  1  0.999967
8  8  1  0.999998
6  6  1  1
7  7  1  0.99895
7  7  1  0.958164
4  4  1  0.999997
3  3  1  1
4  4  1  0.999987
9  9  1  0.999701
1  1  1  0.999985
9  9  1  0.999975
5  3  0  0.594564
1  1  1  0.999906
7  7  1  0.999757
3  3  1  1
9  9  1  0.999984
7  7  1  0.989963
6  6  1  0.999999
9  9  1  0.998502
1  1  1  0.999952
3  3  1  0.999996
7  3  0  0.633889
8  8  1  0.999393
3  3  1  1
3  3  1  0.999999
6  6  1  0.999459
7  7  1  0.859646
2  2  1  1
8  8  1  0.993619
5  5  1  0.999918
8  8  1  0.999998
5  5  1  0.999996
1  1  1  0.99995
1  1  1  0.996167
4  4  1  1
4  4  1  0.999857
3  3  1  0.999983
1  1  1  0.999909
0  0  1  0.999992
7  7  1  0.998575
7  7  1  0.999383
0  0  1  0.999907
7  7  1  0.999954
9  9  1  0.999999
4  4  1  0.964272
4  4  1  0.999858
8  8  1  1
5  5  1  0.999991
5  5  1  0.999736
4  4  1  0.999996
0  0  1  0.999977
8  8  1  0.999953
2  2  1  1
1  1  1  0.874341
0  0  1  0.911738
8  8  1  0.999994
4  4  1  1
5  8  0  0.850375
0  0  1  0.999986
4  4  1  1
0  0  1  0.989849
6  6  1  0.999973
1  1  1  0.999922
7  7  1  0.977094
3  3  1  1
2  2  1  0.999987
6  6  1  0.99995
7  7  1  0.999798
2  2  1  1
6  6  1  1
9  9  1  0.999994
3  3  1  1
1  1  1  0.999952
4  4  1  0.999996
6  6  1  0.999852
2  2  1  0.999935
5  5  1  0.99991
4  4  1  0.974938
2  2  1  0.999987
0  0  1  1
6  6  1  0.999989
2  2  1  0.999997
1  1  1  0.999942
7  7  1  0.999797
3  3  1  1
4  4  1  0.999988
1  1  1  0.99932
0  0  1  0.999972
5  5  1  1
4  4  1  1
3  3  1  1
1  1  1  0.999967
1  1  1  0.999728
7  7  1  0.980859
4  4  1  1
9  9  1  0.999907
9  9  1  0.999439
4  4  1  0.998426
8  8  1  0.998668
4  4  1  0.999907
0  0  1  0.99993
2  2  1  0.99997
4  4  1  0.999988
5  5  1  0.999999
1  1  1  0.999851
1  1  1  0.999977
6  6  1  0.999944
4  4  1  1
7  7  1  0.99954
1  1  1  0.999668
9  9  1  0.999985
4  4  1  0.998049
2  2  1  1
4  4  1  1
1  1  1  0.999828
5  5  1  1
5  5  1  0.999999
3  3  1  0.999972
8  8  1  0.999744
3  3  1  0.999999
1  1  1  0.999837
4  4  1  1
5  5  1  0.999993
6  6  1  0.908752
8  8  1  0.99988
9  9  1  0.999968
4  4  1  0.999995
1  1  1  0.999551
5  5  1  0.998666
3  3  1  1
8  8  1  1
0  0  1  0.999999
3  3  1  0.999984
2  2  1  1
5  5  1  0.999318
1  1  1  0.999718
2  2  1  1
8  8  1  0.988064
3  3  1  0.999999
4  4  1  0.999993
4  4  1  1
0  0  1  0.999975
8  8  1  1
8  8  1  1
3  3  1  1
3  3  1  1
1  1  1  0.999142
7  7  1  0.967904
3  3  1  1
5  5  1  1
9  9  1  0.759055
6  6  1  0.999999
3  3  1  0.999994
2  2  1  1
6  6  1  0.999156
1  1  1  0.999677
3  3  1  1
6  6  1  1
0  0  1  0.999995
7  7  1  0.999884
2  2  1  0.999846
1  1  1  0.999966
7  7  1  0.999995
1  1  1  0.999967
4  4  1  0.999129
2  2  1  0.999994
4  4  1  0.999756
2  2  1  0.999747
1  1  1  0.999823
7  7  1  0.999664
9  9  1  0.999869
6  6  1  0.999709
1  1  1  0.999848
1  1  1  0.999963
2  2  1  0.999971
4  4  1  1
8  8  1  0.998902
1  1  1  0.999599
7  7  1  0.999766
7  7  1  0.992865
4  4  1  1
8  8  1  0.99607
0  0  1  0.999993
7  7  1  0.872518
3  3  1  1
1  1  1  0.99996
3  3  1  1
1  1  1  0.999934
0  0  1  0.999991
7  7  1  0.999463
7  7  1  0.999916
0  0  1  0.999968
3  3  1  1
5  5  1  0.999999
5  5  1  0.999203
2  2  1  0.999999
7  7  1  0.999946
6  6  1  1
6  6  1  0.999985
9  9  1  0.995075
2  2  1  0.999951
8  8  1  0.999997
3  3  1  1
5  5  1  0.999446
2  2  1  1
2  2  1  0.999978
5  5  1  1
6  6  1  0.995056
0  0  1  1
8  8  1  0.999995
2  2  1  0.999997
9  9  1  0.998262
2  2  1  0.999992
8  8  1  0.999973
8  8  1  0.844625
8  8  1  0.99933
8  8  1  0.999997
7  7  1  0.999856
4  4  1  0.998901
9  9  1  0.860347
3  3  1  0.961814
0  0  1  0.999995
6  6  1  0.999458
6  6  1  1
3  3  1  1
2  2  1  0.999999
1  1  1  0.999973
3  3  1  0.999994
2  2  1  1
2  2  1  0.999995
9  9  1  0.999745
3  3  1  0.999851
0  0  1  0.999462
0  0  1  0.996832
5  5  1  1
7  7  1  0.998393
8  8  1  0.999999
1  3  0  0.5982
4  4  1  0.999997
4  4  1  0.999921
6  6  1  0.999953
0  0  1  0.99999
2  2  1  1
9  9  1  0.999973
1  1  1  0.999775
4  4  1  0.999998
7  7  1  0.999869
4  4  1  1
7  7  1  0.999624
3  3  1  1
9  9  1  0.99991
8  8  1  1
8  8  1  0.999995
4  4  1  0.999941
7  7  1  0.999963
1  1  1  0.999434
2  2  1  0.999998
1  1  1  0.999886
2  2  1  1
2  2  1  0.999989
3  3  1  1
2  2  1  0.996835
3  3  1  1
2  2  1  0.990677
3  3  1  1
9  9  1  0.999554
1  1  1  0.999794
7  7  1  0.999441
4  4  1  0.999989
0  0  1  0.999958
3  3  1  0.999999
5  5  1  1
5  5  1  1
8  8  1  0.998565
6  6  1  1
3  3  1  0.994915
2  2  1  0.997628
6  6  1  0.990677
7  7  1  0.999983
6  6  1  0.999999
6  6  1  0.999878
3  3  1  0.999731
2  2  1  1
7  7  1  0.993395
8  9  0  0.754841
1  1  1  0.999919
1  1  1  0.999737
7  7  1  0.999688
5  5  1  0.996659
6  6  1  0.999956
4  4  1  0.999999
9  9  1  0.999998
5  5  1  0.99995
1  1  1  0.881948
3  3  1  0.999999
3  3  1  0.999792
4  4  1  0.991008
7  7  1  0.999837
8  8  1  1
9  9  1  0.995416
1  1  1  0.999353
1  1  1  0.998718
6  6  1  0.836218
9  9  1  0.99887
1  1  1  0.99999
4  4  1  0.999995
4  4  1  0.991421
5  5  1  0.999999
4  4  1  0.999999
0  0  1  1
6  6  1  1
2  2  1  1
2  2  1  0.999994
3  3  1  0.999978
1  1  1  0.999835
5  5  1  0.999999
1  1  1  0.999863
2  2  1  1
0  0  1  0.999996
3  3  1  0.999985
8  8  1  0.999995
1  1  1  0.999774
2  2  1  1
6  6  1  0.999981
7  7  1  0.998403
1  1  1  0.997241
6  6  1  0.999985
2  2  1  0.999818
3  3  1  1
9  9  1  0.995613
0  0  1  0.999973
1  1  1  0.999856
2  2  1  0.999864
2  2  1  1
0  0  1  1
8  8  1  0.999933
9  9  1  0.995585
9  9  1  0.999899
0  0  1  0.999955
2  2  1  0.999938
5  5  1  0.627432
1  1  1  0.999755
9  9  1  0.999881
7  7  1  0.998431
8  8  1  0.999996
1  1  1  0.999927
0  0  1  0.99999
4  4  1  0.999992
1  1  1  0.999949
7  7  1  0.993404
9  9  1  0.999975
6  5  0  0.77229
4  4  1  0.9993
2  2  1  0.999992
6  6  1  0.999905
8  8  1  1
1  1  1  0.999865
3  3  1  0.999993
7  7  1  0.995286
5  5  1  0.999413
4  4  1  0.999999
4  4  1  0.9999
1  1  1  0.999967
8  8  1  0.99995
1  1  1  0.999976
3  3  1  0.999996
8  8  1  0.999999
1  1  1  0.999906
2  2  1  1
5  5  1  0.99568
8  8  1  0.993986
0  0  1  0.999876
6  6  1  0.99997
2  2  1  1
1  1  1  0.999907
1  1  1  0.999718
7  2  0  0.510031
1  1  1  0.999649
5  5  1  1
3  3  1  1
4  4  1  0.999999
6  6  1  0.982665
9  9  1  0.998472
5  5  1  0.999979
0  0  1  0.999768
9  9  1  0.999955
2  2  1  1
2  2  1  0.984948
4  4  1  0.999984
8  8  1  0.99995
2  2  1  1
1  1  1  0.999819
7  7  1  0.998588
2  2  1  0.999999
4  4  1  0.999998
9  9  1  0.999994
4  4  1  0.999995
4  4  1  1
0  0  1  0.999812
3  3  1  0.980643
9  9  1  0.999998
2  2  1  0.999972
2  2  1  1
3  3  1  0.999997
3  3  1  1
8  8  1  0.99783
3  3  1  0.999928
5  5  1  1
7  7  1  0.999814
3  3  1  0.999783
5  5  1  0.999997
8  8  1  0.999863
1  1  1  0.99946
2  2  1  1
4  4  1  0.999993
4  4  1  0.999983
6  6  1  0.999994
4  4  1  0.999955
9  9  1  0.998756
5  5  1  0.99729
1  1  1  0.999762
0  0  1  0.999999
6  6  1  0.999783
9  9  1  0.999663
5  5  1  0.999997
9  9  1  0.999975
5  5  1  0.997946
9  9  1  0.997137
7  7  1  0.999594
3  3  1  0.999999
8  8  1  0.999745
0  0  1  0.999995
3  3  1  1
7  7  1  0.999975
1  1  1  0.999802
3  3  1  0.999998
6  6  1  0.999939
7  7  1  0.999948
8  8  1  0.995449
5  5  1  1
9  9  1  0.999759
7  7  1  0.999829
9  9  1  0.999982
6  6  1  1
9  9  1  0.993459
6  6  1  0.998684
3  3  1  1
7  7  1  0.999881
4  4  1  0.999999
4  6  0  0.990742
5  5  1  1
3  3  1  0.99329
5  5  1  0.99993
4  4  1  0.999977
7  7  1  0.999777
8  8  1  0.999979
7  7  1  0.999963
8  8  1  0.99999
0  0  1  0.999519
7  7  1  0.940177
6  6  1  0.999999
8  8  1  0.991228
8  8  1  0.999873
7  7  1  0.998045
3  3  1  1
3  3  1  0.891196
1  1  1  0.999884
9  9  1  0.99989
5  5  1  1
2  2  1  1
7  7  1  0.99936
3  3  1  1
5  5  1  0.999998
1  1  1  0.999875
1  1  1  0.999705
2  2  1  0.899689
1  1  1  0.999936
4  4  1  1
7  7  1  0.999796
4  4  1  0.999999
7  7  1  0.999798
5  5  1  0.999995
4  4  1  0.999663
5  5  1  0.999958
4  4  1  0.998871
0  0  1  0.999989
8  8  1  1
3  3  1  0.999995
6  6  1  0.996366
9  9  1  0.999989
6  6  1  0.997732
0  0  1  0.999977
2  2  1  0.99999
7  7  1  0.817715
4  4  1  0.999895
4  4  1  1
4  4  1  0.999946
4  4  1  1
6  6  1  0.999959
6  6  1  1
4  4  1  0.999996
7  7  1  0.99993
9  9  1  0.999888
3  3  1  0.993561
4  4  1  0.999992
5  5  1  0.999996
5  5  1  0.999883
8  8  1  1
7  7  1  0.999941
3  3  1  1
7  7  1  0.997847
2  2  1  1
7  7  1  0.999856
0  0  1  0.999941
2  2  1  1
4  4  1  0.967935
1  1  1  0.99976
1  1  1  0.999926
6  6  1  0.925374
6  5  0  0.630426
9  9  1  0.999958
2  2  1  0.999993
8  8  1  0.999997
7  7  1  1
2  2  1  0.99997
0  0  1  0.999957
1  1  1  0.999425
5  5  1  0.999994
0  0  1  0.999692
9  9  1  0.733676
1  1  1  0.999979
7  7  1  0.996383
0  0  1  0.999997
6  6  1  0.999996
0  0  1  0.999794
8  8  1  0.999967
6  6  1  0.999973
8  8  1  0.998172
1  1  1  0.999928
8  8  1  0.999798
0  0  1  0.999999
3  3  1  0.999889
3  3  1  1
7  7  1  0.998847
2  2  1  1
3  3  1  1
6  6  1  0.992939
2  2  1  0.999999
1  1  1  0.999923
6  6  1  0.99462
1  1  1  0.999982
1  1  1  0.999938
3  3  1  0.999999
7  7  1  0.99608
9  9  1  0.999706
0  0  1  0.999998
8  8  1  0.999907
0  0  1  0.999996
5  5  1  0.999992
4  4  1  1
0  0  1  0.999912
2  2  1  0.965198
8  8  1  1
7  2  0  0.979527
2  2  1  0.999953
9  9  1  0.998161
8  8  1  0.999448
4  4  1  1
0  0  1  0.999946
9  4  0  0.865572
5  5  1  0.999998
8  8  1  0.99999
5  5  1  0.999995
1  1  1  0.999727
2  2  1  0.999999
1  1  1  0.999978
3  3  1  0.999999
1  1  1  0.998595
7  7  1  0.999776
4  4  1  0.543727
5  5  1  0.99992
7  7  1  0.998679
2  2  1  1
0  0  1  0.999931
9  5  0  0.726256
8  8  1  0.989791
8  8  1  1
6  6  1  0.999833
2  2  1  0.999878
5  5  1  0.999992
4  4  1  0.999762
1  1  1  0.999671
9  9  1  0.999998
2  2  1  0.997677
1  1  1  0.999833
5  5  1  0.999992
8  8  1  0.99966
7  1  0  0.534272
0  0  1  0.999997
2  2  1  0.999998
4  4  1  0.999937
4  4  1  0.999974
3  3  1  1
6  6  1  0.999921
8  8  1  0.999992
8  8  1  0.999995
2  2  1  0.999968
4  4  1  0.998649
0  0  1  0.999981
5  5  1  0.999959
0  0  1  0.999715
4  4  1  0.979257
4  4  1  0.999999
7  7  1  0.999907
9  9  1  0.999966
3  3  1  1
4  4  1  0.985725
1  1  1  0.999902
5  5  1  0.999992
9  9  1  0.997296
7  7  1  0.996336
3  3  1  1
5  5  1  1
8  8  1  1
8  8  1  0.999972
0  0  1  0.999923
5  5  1  0.999577
3  3  1  0.97903
3  3  1  1
6  6  1  0.995569
6  6  1  0.99988
0  0  1  0.999999
1  1  1  0.999954
6  6  1  0.976063
0  0  1  1
3  3  1  0.999997
5  7  0  0.745798
4  4  1  0.999981
4  4  1  0.999998
1  1  1  0.99986
2  2  1  0.999994
9  9  1  0.999996
1  1  1  0.999982
4  4  1  0.999999
6  6  1  0.999967
9  9  1  0.999998
9  9  1  0.999867
3  3  1  0.999604
9  9  1  0.993027
8  8  1  0.999921
4  4  1  0.999999
4  4  1  1
3  3  1  0.999988
1  1  1  0.999992
3  3  1  1
1  1  1  0.99978
8  3  0  0.97486
8  8  1  0.999815
7  7  1  0.999568
9  9  1  0.999974
4  4  1  1
8  8  1  0.999681
8  8  1  0.998115
7  7  1  0.922335
9  9  1  0.99949
7  7  1  0.917814
1  1  1  0.999955
4  4  1  0.999998
5  5  1  0.994233
6  6  1  1
0  0  1  1
5  5  1  0.999922
2  2  1  0.999995
2  2  1  0.999993
2  2  1  0.996978
1  1  1  0.999853
5  5  1  0.999777
5  5  1  0.999998
2  2  1  1
4  4  1  1
9  9  1  0.999935
6  6  1  0.999205
2  2  1  0.999992
7  7  1  0.999668
7  7  1  0.999882
2  2  1  0.999986
2  2  1  0.998974
1  1  1  0.999983
1  1  1  0.999969
2  2  1  0.999989
8  8  1  0.999829
3  3  1  0.999999
7  7  1  0.997766
2  2  1  0.99308
4  4  1  0.998367
1  1  1  0.99989
7  7  1  0.999827
1  1  1  0.999823
7  7  1  0.999943
6  6  1  1
7  7  1  0.999495
8  8  1  0.978928
2  2  1  0.999985
7  7  1  0.999884
3  3  1  1
1  1  1  0.999089
7  7  1  0.999975
5  5  1  1
8  8  1  0.999995
2  2  1  0.999997
6  6  1  1
2  2  1  0.999998
2  2  1  0.999989
5  5  1  1
6  6  1  0.998198
5  5  1  0.992175
0  0  1  1
9  9  1  0.999437
2  2  1  1
4  4  1  1
3  3  1  0.999995
3  3  1  0.999993
9  9  1  0.99989
7  7  1  0.999809
6  6  1  0.999985
6  6  1  0.999994
8  8  1  1
0  0  1  0.999996
4  4  1  0.999995
1  1  1  0.999556
5  3  0  0.785626
8  8  1  0.999949
2  2  1  0.987742
9  9  1  0.999996
1  1  1  0.999506
8  8  1  0.999957
0  0  1  0.999995
6  6  1  0.999996
7  7  1  0.999824
2  2  1  0.997413
1  1  1  0.984079
0  0  1  0.999955
5  5  1  0.999998
5  5  1  0.999995
2  2  1  1
0  0  1  0.99999
2  2  1  0.999984
2  2  1  0.999743
0  0  1  0.99966
2  2  1  0.999936
4  4  1  0.999813
9  9  1  0.483926
8  8  1  0.999249
0  0  1  0.999999
9  9  1  0.999875
9  9  1  0.999936
4  4  1  0.999999
6  6  1  0.999998
5  5  1  0.999997
4  4  1  0.999773
9  9  1  0.999968
1  1  1  0.999863
8  8  1  0.989939
3  3  1  1
4  4  1  0.99958
9  9  1  0.999991
9  9  1  0.988173
1  1  1  0.999955
2  2  1  0.999998
2  2  1  1
8  8  1  0.998064
1  1  1  0.999962
9  9  1  0.999418
6  6  1  0.994647
4  4  1  0.999987
0  0  1  0.994983
9  9  1  0.999945
4  4  1  0.993553
8  8  1  0.985689
3  3  1  1
8  8  1  1
6  6  1  0.998592
0  0  1  0.999976
2  2  1  1
5  5  1  0.985751
1  1  1  0.999949
9  9  1  0.999999
6  6  1  1
2  2  1  0.999997
9  9  1  0.999998
4  4  1  0.999878
0  0  1  0.999933
9  9  1  0.992786
6  6  1  0.99995
0  0  1  1
6  6  1  0.998732
2  2  1  0.999773
5  5  1  0.999984
4  4  1  0.999999
2  2  1  0.999321
3  3  1  0.999997
8  8  1  0.996296
4  4  1  0.993964
5  5  1  0.968913
5  5  1  0.999979
0  0  1  0.999306
3  3  1  0.997667
8  8  1  0.998924
5  5  1  1
3  3  1  0.999978
5  5  1  1
8  8  1  0.999997
6  6  1  0.999951
5  5  1  0.999148
7  7  1  0.994956
6  6  1  0.999933
3  3  1  1
3  3  1  1
9  9  1  0.999202
6  6  1  0.991624
1  1  1  0.999754
1  1  1  0.999839
2  2  1  1
9  9  1  0.999874
0  0  1  0.999999
4  4  1  0.999865
3  3  1  1
3  3  1  0.999999
6  6  1  1
9  9  1  0.999942
5  5  1  1
7  7  1  0.997941
3  3  1  0.999998
7  7  1  0.975412
7  7  1  0.999961
7  7  1  0.999943
8  8  1  0.999996
7  7  1  0.846444
9  9  1  0.999427
8  8  1  0.99984
3  3  1  0.999912
0  0  1  0.999973
7  7  1  0.95414
2  2  1  1
7  7  1  0.999577
9  9  1  0.999905
4  4  1  0.993799
5  5  1  0.999988
4  4  1  0.999821
9  9  1  0.999995
3  3  1  0.999987
2  2  1  0.999999
1  1  1  0.999957
4  4  1  0.994889
0  0  1  1
2  2  1  0.999933
3  3  1  1
7  7  1  0.99762
5  5  1  1
7  9  0  0.549866
8  8  1  0.999941
8  8  1  0.999996
5  5  1  0.999977
0  0  1  0.999951
1  1  1  0.812257
1  1  1  0.999954
4  4  1  1
8  8  1  0.952341
3  3  1  0.999619
9  9  1  0.999953
0  0  1  0.993331
0  0  1  0.999862
0  0  1  0.999993
6  6  1  0.999949
6  6  1  0.999992
2  2  1  0.999977
3  3  1  1
7  7  1  0.999587
8  8  1  1
4  4  1  1
7  7  1  0.977344
7  7  1  0.999993
9  9  1  0.999997
2  2  1  0.999996
4  4  1  0.999898
1  1  1  0.998922
4  4  1  0.818466
5  5  1  1
2  2  1  0.979674
4  4  1  0.999987
9  3  0  0.971267
9  9  1  0.973072
1  1  1  0.999966
8  8  1  1
4  4  1  1
0  0  1  0.999967
9  9  1  0.611221
8  8  1  1
4  4  1  0.999999
8  8  1  0.997071
7  7  1  0.999861
7  7  1  0.999825
0  0  1  0.99997
7  7  1  0.961806
8  8  1  1
8  8  1  0.999958
6  6  1  0.9938
0  0  1  0.986204
4  4  1  0.999993
8  8  1  1
8  8  1  0.99994
2  2  1  0.999999
4  4  1  1
7  7  1  0.996378
6  6  1  1
6  6  1  0.999996
6  6  1  0.998271
4  4  1  0.999992
7  7  1  0.998464
1  1  1  0.999964
8  8  1  0.999903
8  8  1  0.99227
2  2  1  1
3  3  1  1
6  6  1  0.997991
3  3  1  1
0  0  1  0.999996
0  0  1  0.999992
3  3  1  0.99998
7  7  1  0.999067
6  6  1  0.998784
9  9  1  0.999243
7  7  1  0.965517
9  9  1  0.999624
9  9  1  0.989515
5  5  1  1
4  4  1  1
3  3  1  0.999972
3  3  1  0.999786
6  6  1  0.999996
1  1  1  0.999962
2  2  1  1
3  3  1  1
7  7  1  0.999948
3  3  1  0.999839
3  3  1  1
2  2  1  0.758529
0  0  1  0.999999
3  3  1  0.990083
3  3  1  1
8  8  1  1
4  4  1  0.999883
3  3  1  1
6  6  1  0.999864
3  3  1  0.999434
5  5  1  0.999966
0  0  1  0.999917
2  2  1  0.999938
0  6  0  0.928666
9  9  1  0.999994
0  0  1  1
7  7  1  0.999896
4  4  1  1
6  6  1  0.998192
9  9  1  0.999243
3  3  1  1
5  5  1  1
1  1  1  0.99997
9  9  1  0.999894
6  6  1  1
1  1  1  0.999992
4  4  1  0.955198
5  5  1  1
4  4  1  0.999979
5  5  1  0.947585
0  0  1  0.999989
5  5  1  0.999984
9  9  1  0.998829
5  5  1  0.995584
2  2  1  0.999804
1  1  1  0.999989
2  2  1  0.999904
9  9  1  0.999994
1  1  1  0.999971
9  9  1  0.999979
9  9  1  0.999903
4  4  1  0.999948
0  0  1  0.999952
8  8  1  0.999999
4  4  1  0.999992
5  5  1  0.999993
2  2  1  0.999354
9  9  1  0.999856
2  2  1  1
1  1  1  0.999895
2  2  1  0.999965
1  1  1  0.999941
7  7  1  0.999592
3  3  1  1
6  6  1  1
8  8  1  0.999962
8  8  1  0.99999
4  4  1  0.999997
9  9  1  0.999917
1  1  1  0.999515
9  9  1  0.999973
8  8  1  0.993654
5  5  1  0.999946
7  7  1  0.746575
5  5  1  0.999817
1  1  1  0.99726
1  1  1  0.999757
8  8  1  0.999999
6  6  1  0.999954
5  5  1  0.999998
2  2  1  0.974272
4  4  1  0.999999
4  4  1  0.999995
3  3  1  0.582599
2  2  1  0.999995
3  3  1  1
5  5  1  0.999998
6  6  1  1
8  8  1  0.999081
8  8  1  0.999777
6  6  1  0.999934
2  2  1  0.999665
3  3  1  0.999997
1  1  1  0.99809
0  0  1  0.999999
5  5  1  0.999997
8  8  1  0.98604
9  9  1  0.999859
2  2  1  0.999975
9  9  1  0.999918
6  6  1  1
7  7  1  0.999985
0  0  1  0.999995
4  4  1  0.997302
8  8  1  0.999955
7  7  1  0.997465
1  1  1  0.999862
7  7  1  0.99917
4  4  1  0.999981
1  1  1  0.999205
0  0  1  1
9  9  1  0.557782
7  7  1  0.999886
2  2  1  0.999999
0  0  1  0.999754
0  0  1  0.999986
9  9  1  0.999999
1  1  1  0.999908
7  7  1  0.969232
8  8  1  0.976793
7  7  1  0.898509
8  8  1  1
4  4  1  0.999998
7  7  1  0.838682
2  2  1  0.999487
0  0  1  0.999999
4  4  1  0.999998
6  6  1  0.9776
0  0  1  1
3  3  1  0.999999
1  1  1  0.999951
1  1  1  0.999949
3  3  1  0.999821
3  3  1  1
9  9  1  0.999438
6  6  1  1
7  7  1  0.999959
4  4  1  0.999983
1  1  1  0.999864
5  5  1  0.820944
3  3  1  1
0  0  1  0.999991
8  8  1  0.999189
7  7  1  0.999958
3  3  1  1
9  9  1  0.999629
6  6  1  0.999993
9  9  1  0.999997
3  3  1  0.999998
5  5  1  0.999999
0  0  1  0.999021
2  2  1  0.999998
7  7  1  0.998568
4  4  1  0.990728
5  5  1  1
1  1  1  0.999872
7  7  1  0.935414
5  5  1  0.999887
8  8  1  0.999982
0  0  1  0.999996
8  8  1  0.999948
8  8  1  0.999466
1  1  1  0.999849
5  5  1  0.999914
0  0  1  0.999549
3  3  1  1
0  0  1  0.999973
3  3  1  0.999999
1  1  1  0.999852
4  4  1  0.999972
0  0  1  0.999948
3  3  1  0.999269
7  7  1  0.999976
2  2  1  1
7  7  1  0.999942
1  1  1  0.98166
8  8  1  0.999477
0  0  1  0.999939
7  7  1  0.998111
0  0  1  0.999994
4  4  1  0.999621
3  3  1  1
1  1  1  0.999949
9  9  1  0.99961
8  8  1  0.926011
7  7  1  0.999853
7  7  1  0.999958
1  1  1  0.999564
4  4  1  0.999965
9  9  1  0.999869
9  9  1  0.999881
3  3  1  0.999944
2  8  0  0.538599
1  1  1  0.999986
7  7  1  0.999679
9  9  1  0.999929
0  0  1  0.999408
2  2  1  1
0  0  1  0.99999
3  3  1  0.999998
3  3  1  0.999999
7  7  1  0.999962
6  6  1  0.990852
9  9  1  0.997726
2  2  1  1
3  3  1  1
3  3  1  1
7  7  1  0.999861
7  7  1  0.998144
0  0  1  0.999947
0  0  1  0.999597
7  7  1  0.956127
5  5  1  1
2  2  1  0.999979
9  9  1  0.999939
8  8  1  0.9997
7  7  1  0.999427
4  4  1  0.999996
4  4  1  0.999965
2  2  1  0.999916
6  6  1  0.999945
6  6  1  0.999936
1  1  1  0.99998
9  9  1  0.999999
6  6  1  0.965412
8  8  1  0.964325
2  2  1  1
9  9  1  0.999943
0  0  1  0.999983
8  8  1  1
3  3  1  0.999701
1  1  1  0.999811
1  1  1  0.999928
6  6  1  0.99997
3  3  1  1
5  5  1  0.999111
1  1  1  0.999983
1  1  1  0.999743
1  1  1  0.999825
3  3  1  1
1  1  1  0.998607
2  2  1  0.999625
3  3  1  1
0  0  1  0.999808
2  2  1  0.999999
0  0  1  0.999969
1  1  1  0.999593
3  3  1  1
5  5  1  0.999037
5  5  1  0.999999
7  7  1  0.999884
4  4  1  0.998319
8  8  1  0.975144
9  9  1  0.999964
6  6  1  0.999882
9  9  1  0.996778
6  6  1  0.999999
8  8  1  0.99232
3  3  1  0.99998
6  6  1  0.999813
6  6  1  0.999998
8  8  1  0.999998
5  5  1  0.999994
1  1  1  0.999805
4  4  1  0.999957
2  2  1  1
4  4  1  1
4  4  1  0.999244
5  5  1  0.999999
1  1  1  0.999955
1  1  1  0.993768
9  9  1  0.999989
0  0  1  0.999999
2  2  1  0.996573
4  4  1  1
9  9  1  0.999843
5  5  1  0.999968
7  7  1  0.999935
1  1  1  0.999991
8  8  1  0.999966
8  8  1  0.527639
5  5  1  0.999998
6  6  1  0.733246
9  9  1  0.999968
8  8  1  0.999999
7  7  1  0.996048
1  1  1  0.999914
1  1  1  0.997505
6  6  1  0.999857
7  7  1  0.999926
6  6  1  0.9986
3  3  1  1
2  2  1  1
2  2  1  1
0  0  1  1
8  8  1  0.999998
9  9  1  0.999686
2  2  1  1
5  5  1  0.999969
1  1  1  0.999989
0  0  1  0.99876
8  8  1  0.983908
1  1  1  0.990604
9  4  0  0.958131
5  5  1  0.999995
7  7  1  0.970334
9  9  1  0.999835
6  6  1  1
9  9  1  0.999995
0  0  1  0.999839
6  6  1  0.999923
1  1  1  0.955896
5  5  1  0.999976
5  5  1  0.941496
8  8  1  1
3  3  1  0.998555
8  8  1  1
2  2  1  0.999985
6  6  1  0.999961
5  5  1  0.999991
0  0  1  0.999957
7  7  1  0.999944
4  4  1  0.999834
6  6  1  1
1  1  1  0.999954
3  3  1  1
4  4  1  0.999936
7  7  1  0.999891
3  3  1  0.999591
2  2  1  0.99999
3  3  1  1
4  4  1  0.999999
2  2  1  0.999985
5  5  1  0.999993
2  2  1  0.999979
7  7  1  0.998875
1  1  1  0.999843
7  7  1  0.999783
2  2  1  1
6  6  1  0.999906
4  4  1  0.990497
1  1  1  0.999925
5  5  1  0.996892
7  7  1  0.886537
8  8  1  0.999933
6  6  1  0.998888
0  0  1  0.999958
1  1  1  0.999903
8  8  1  0.999989
2  2  1  0.999983
5  5  1  0.999516
7  7  1  0.99668
7  7  1  0.999949
6  6  1  0.999695
9  9  1  0.812223
3  3  1  0.999999
5  5  1  0.970721
8  8  1  0.9364
4  4  1  0.999579
2  2  1  1
4  4  1  1
0  0  1  0.999875
8  8  1  0.999999
8  8  1  0.999938
3  3  1  1
4  4  1  0.999868
9  9  1  0.999962
2  2  1  0.979125
7  7  1  0.999995
5  5  1  1
8  8  1  0.994185
6  6  1  0.998754
5  5  1  0.999971
6  6  1  0.999988
0  0  1  1
8  8  1  0.970097
6  6  1  0.999999
7  7  1  0.995963
3  3  1  0.999998
6  6  1  0.999992
4  4  1  0.999892
9  9  1  0.999749
4  4  1  1
6  6  1  0.999326
6  6  1  0.797892
3  3  1  1
2  2  1  0.999448
4  4  1  0.999997
1  1  1  0.99992
0  0  1  0.978702
1  1  1  0.999689
4  4  1  0.999862
6  6  1  0.999907
2  2  1  0.99999
9  9  1  0.999017
1  1  1  0.998778
1  1  1  0.99962
0  0  1  1
6  6  1  0.99839
3  3  1  1
9  9  1  0.999343
5  5  1  0.999828
6  6  1  0.999183
5  5  1  0.956489
6  6  1  0.999976
5  5  1  1
8  8  1  0.991914
4  4  1  0.999991
6  6  1  0.999978
4  4  1  1
3  3  1  1
9  9  1  0.998986
1  1  1  0.998831
3  3  1  0.999999
4  4  1  1
1  1  1  0.999458
9  9  1  0.99989
1  1  1  0.999864
7  7  1  0.972291
1  1  1  0.99996
1  1  1  0.387352
9  9  1  0.999959
3  3  1  1
5  5  1  0.999965
4  4  1  0.999982
0  0  1  0.996728
7  7  1  0.997156
3  3  1  0.997409
6  6  1  0.999998
1  1  1  0.998345
7  7  1  0.99743
5  5  1  0.997631
5  5  1  0.999958
3  3  1  1
3  3  1  1
0  0  1  0.997934
1  1  1  0.999887
5  3  0  0.995851
7  7  1  0.999502
5  5  1  0.999976
8  8  1  0.999808
6  6  1  0.999985
5  5  1  0.818852
1  1  1  0.999915
0  0  1  0.999999
4  4  1  0.99132
2  2  1  0.983746
3  3  1  1
4  4  1  1
6  6  1  0.999781
7  7  1  0.999718
9  9  1  0.969602
8  8  1  0.999972
1  1  1  0.999971
8  8  1  0.992114
4  4  1  0.695301
9  9  1  0.999794
2  2  1  0.999805
8  8  1  0.999917
6  6  1  0.999998
2  2  1  0.999971
7  7  1  0.99707
0  0  1  0.999992
0  0  1  0.999964
6  6  1  1
7  7  1  0.940543
5  5  1  0.999998
8  8  1  0.999995
6  6  1  0.999854
0  0  1  0.999876
9  9  1  0.998241
3  3  1  1
7  1  0  0.314312
1  1  1  0.999387
3  3  1  1
5  5  1  0.992184
4  4  1  0.998147
3  3  1  0.999998
3  3  1  1
5  5  1  0.999949
5  5  1  1
6  6  1  0.999979
3  3  1  1
0  0  1  0.999963
2  2  1  0.999992
3  3  1  1
4  4  1  0.99992
2  2  1  1
3  3  1  1
0  0  1  0.999997
9  9  1  0.999985
9  9  1  0.999979
4  4  1  0.967641
7  7  1  0.999978
2  2  1  1
8  8  1  0.998069
4  4  1  0.99912
7  7  1  0.999819
0  0  1  0.999998
6  6  1  0.999981
2  0  0  0.797022
8  8  1  0.999788
5  5  1  1
2  2  1  0.999999
8  8  1  0.999998
5  5  1  0.999999
7  7  1  0.994872
3  3  1  0.999634
0  0  1  0.999991
8  8  1  0.998856
2  2  1  1
3  3  1  0.788857
2  2  1  0.999996
8  8  1  0.999999
2  2  1  0.999999
5  5  1  0.999397
5  5  1  0.999999
7  7  1  0.999999
6  6  1  0.99965
4  4  1  0.999999
6  6  1  0.503508
8  8  1  1
4  4  1  1
8  8  1  0.999934
2  2  1  0.999998
7  7  1  0.998909
4  4  1  1
5  5  1  0.999652
2  2  1  0.999999
0  0  1  0.99999
3  3  1  1
9  9  1  0.990512
4  9  0  0.958891
6  6  1  0.998113
7  7  1  0.99614
2  2  1  1
5  5  1  0.999955
6  1  0  0.763101
1  1  1  0.999556
1  1  1  0.999943
2  2  1  0.999974
3  3  1  1
6  6  1  1
7  7  1  0.999963
8  8  1  0.999969
7  7  1  0.991293
6  6  1  0.999999
4  4  1  0.998355
8  8  1  0.999998
9  9  1  0.999804
4  4  1  0.99952
8  8  1  0.998435
6  6  1  0.999948
3  3  1  0.99999
8  8  1  1
3  3  1  0.999992
1  1  1  0.99998
0  0  1  0.999964
6  6  1  0.999997
2  2  1  1
2  2  1  0.999991
5  5  1  0.999995
6  6  1  0.999811
9  9  1  0.999204
5  5  1  0.999852
8  8  1  0.999999
1  1  1  0.999925
4  4  1  1
1  1  1  0.999718
7  7  1  0.999934
8  8  1  0.993904
4  4  1  0.999843
6  6  1  1
1  1  1  0.999576
8  8  1  1
4  4  1  1
3  3  1  0.999552
1  1  1  0.99517
2  2  1  1
8  8  1  0.999574
0  0  1  1
8  8  1  0.999833
5  5  1  1
9  9  1  0.999996
1  1  1  0.8692
4  4  1  0.99999
2  2  1  1
0  0  1  0.961553
2  2  1  0.994841
7  7  1  0.999937
0  0  1  0.996953
9  9  1  0.968498
0  0  1  0.999977
2  2  1  1
5  5  1  0.99998
7  7  1  0.997402
6  6  1  0.999934
7  7  1  0.918803
9  9  1  1
4  4  1  0.998831
2  2  1  0.999955
6  6  1  0.999874
2  2  1  0.999756
4  4  1  1
4  4  1  0.999996
8  8  1  0.999743
0  0  1  0.999729
4  4  1  0.99998
4  4  1  0.999999
5  5  1  1
8  8  1  0.999982
0  0  1  0.999948
6  6  1  0.99996
8  8  1  1
9  9  1  0.999164
8  8  1  1
5  5  1  1
6  6  1  0.997205
9  9  1  0.999068
0  0  1  1
4  4  1  0.999893
8  8  1  0.999998
7  7  1  0.999967
1  1  1  0.998551
3  3  1  0.999915
4  4  1  1
5  5  1  0.975768
8  8  1  0.994652
0  0  1  0.999942
9  9  1  0.997764
1  1  1  0.999094
3  3  1  0.999998
3  3  1  1
6  6  1  1
9  9  1  0.999737
8  8  1  0.999999
7  7  1  0.997224
1  1  1  0.99992
0  0  1  0.999997
5  5  1  0.999472
7  7  1  0.999817
1  1  1  0.999913
7  7  1  0.999998
5  5  1  0.999963
2  2  1  0.999989
7  7  1  0.999641
9  9  1  0.999982
1  1  1  0.997939
8  8  1  0.999996
5  5  1  1
2  2  1  0.99993
4  4  1  1
9  9  1  0.999977
4  4  1  0.999998
7  7  1  0.99921
2  2  1  0.999998
2  2  1  0.999943
3  3  1  0.999999
4  4  1  1
9  9  1  0.999998
1  1  1  0.99879
9  9  1  0.999997
2  2  1  0.999999
1  1  1  0.999943
7  7  1  0.996417
9  9  1  0.999997
4  4  1  1
4  4  1  0.999994
1  1  1  0.977308
6  6  1  0.999999
7  7  1  0.997471
2  2  1  0.999998
7  7  1  0.999824
8  8  1  0.999518
8  8  1  0.976695
1  1  1  0.999252
9  9  1  0.999987
7  7  1  0.999283
1  1  1  0.998091
1  1  1  0.992818
7  7  1  0.99981
5  5  1  0.999744
3  3  1  0.772099
3  3  1  1
5  5  1  0.999633
1  1  1  0.999991
3  3  1  1
7  7  1  0.999865
6  6  1  0.999989
1  1  1  0.99996
3  3  1  0.999975
8  8  1  0.999642
7  7  1  0.999962
5  5  1  0.993676
9  9  1  0.998956
9  6  0  0.447069
0  0  1  0.999937
0  0  1  0.999999
2  2  1  0.999943
8  8  1  0.999995
8  8  1  0.999839
2  2  1  0.978586
3  3  1  0.999977
7  7  1  0.999965
1  1  1  0.997933
3  3  1  1
0  0  1  0.999992
3  3  1  0.999999
4  4  1  0.999991
4  4  1  0.999999
3  3  1  0.998832
8  8  1  0.99571
9  9  1  0.999327
2  2  1  0.999986
3  3  1  0.999994
9  9  1  0.999991
7  7  1  0.975904
1  1  1  0.999929
1  1  1  0.999963
7  7  1  0.999429
0  0  1  0.999619
4  4  1  0.99987
9  9  1  0.999823
6  6  1  1
5  5  1  0.999994
9  9  1  0.999974
1  1  1  0.999834
7  7  1  0.971421
0  0  1  0.99611
2  2  1  0.999749
0  0  1  0.999951
0  0  1  0.949146
4  4  1  0.999977
6  6  1  0.999835
7  7  1  0.999928
0  0  1  0.997156
7  7  1  0.998566
1  1  1  0.999952
4  4  1  1
6  6  1  1
4  4  1  0.99999
5  5  1  0.990095
4  4  1  1
9  9  1  0.999883
9  9  1  0.999959
1  1  1  0.819899
7  7  1  0.999986
9  9  1  0.999515
5  5  1  1
3  3  1  1
3  3  1  0.999995
8  8  1  1
2  2  1  1
3  3  1  0.99994
6  6  1  1
2  2  1  1
2  2  1  1
1  1  1  0.999623
1  1  1  0.999955
1  1  1  0.999991
1  1  1  0.998546
1  1  1  0.999929
6  6  1  0.999999
9  9  1  0.999634
8  8  1  0.999997
4  4  1  0.999986
3  3  1  1
7  7  1  0.999993
1  1  1  0.999874
6  6  1  0.999994
4  4  1  1
5  5  1  0.774313
0  0  1  0.996226
4  4  1  0.99942
7  7  1  0.997591
4  4  1  1
2  2  1  0.999968
4  4  1  0.999996
0  0  1  0.999998
7  7  1  0.996872
0  0  1  0.999373
1  1  1  0.999993
9  9  1  0.673533
8  8  1  0.998703
8  8  1  0.996325
6  6  1  0.999995
0  0  1  0.999217
0  0  1  0.999999
4  4  1  0.999475
9  1  0  0.668259
6  6  1  0.999924
8  8  1  0.999999
2  2  1  1
2  2  1  1
3  3  1  0.999999
8  8  1  0.951343
4  4  1  0.99964
8  8  1  0.996661
2  2  1  0.999999
2  2  1  0.999948
1  1  1  0.998616
7  7  1  0.999892
5  5  1  0.999991
4  4  1  1
4  4  1  1
0  0  1  0.999932
4  4  1  0.999954
3  3  1  0.999597
9  9  1  0.937344
7  7  1  0.999999
3  3  1  0.999963
1  1  1  0.999652
0  0  1  0.999977
1  1  1  0.999945
2  2  1  0.999785
5  5  1  1
9  9  1  0.556816
2  2  1  0.999988
1  1  1  0.999851
0  0  1  0.999367
1  1  1  0.999866
8  8  1  0.999355
9  9  1  0.999825
1  1  1  0.999755
6  6  1  0.999361
8  8  1  0.999912
3  3  1  1
8  8  1  0.998011
9  4  0  0.598304
3  3  1  1
6  6  1  0.999998
2  2  1  0.999424
8  8  1  0.999643
3  3  1  1
2  2  1  0.999819
2  2  1  0.998006
1  1  1  0.999868
0  0  1  0.999998
4  4  1  0.999999
2  2  1  0.995158
9  9  1  0.999805
2  2  1  1
4  4  1  1
3  3  1  0.999937
7  7  1  0.999996
9  9  1  0.999977
1  1  1  0.999839
5  5  1  0.999983
2  2  1  1
4  4  1  0.867298
9  9  1  0.999231
0  0  1  0.999382
3  3  1  0.99998
8  8  1  1
5  5  1  1
3  3  1  1
6  6  1  0.842729
0  0  1  0.963375
9  9  1  0.99996
4  4  1  0.998539
6  6  1  1
2  2  1  0.998809
5  5  1  0.999911
0  0  1  0.999976
2  2  1  0.909968
7  7  1  0.99801
4  4  1  0.999994
6  6  1  1
6  6  1  0.999788
8  8  1  1
6  6  1  1
6  6  1  0.99955
8  8  1  0.999931
6  6  1  0.999997
9  9  1  0.999953
1  1  1  0.993743
7  7  1  0.999956
2  2  1  1
5  5  1  0.99995
9  9  1  0.999982
9  9  1  0.999987
0  0  1  0.999365
7  7  1  0.975435
2  2  1  0.999999
7  7  1  0.999913
6  6  1  0.999988
7  7  1  0.988747
0  0  1  0.999992
6  6  1  1
5  5  1  0.999997
2  2  1  0.638377
4  4  1  0.999411
7  7  1  0.998679
2  2  1  0.999959
0  0  1  0.999994
9  9  1  0.999972
9  9  1  0.99986
2  2  1  1
2  2  1  0.997742
9  9  1  0.999999
4  4  1  0.999987
4  4  1  1
2  2  1  0.999998
3  3  1  1
3  3  1  1
2  2  1  1
1  1  1  0.9971
7  7  1  0.999994
0  0  1  0.999991
7  7  1  0.997153
6  6  1  0.996265
4  4  1  0.999972
1  1  1  0.99921
3  3  1  1
8  8  1  0.999031
7  7  1  0.999965
4  4  1  0.997036
5  5  1  0.999406
9  9  1  0.985742
2  2  1  0.999972
5  5  1  1
1  1  1  0.99948
8  8  1  0.999997
7  7  1  0.999108
3  3  1  1
7  7  1  0.999409
1  1  1  0.999567
5  5  1  0.993005
5  5  1  0.997454
0  0  1  0.999959
9  9  1  0.999181
1  1  1  0.999985
4  4  1  0.999998
0  0  1  0.999999
6  6  1  0.957751
3  3  1  0.999851
3  3  1  0.993684
6  6  1  0.999999
0  0  1  0.999999
4  4  1  0.99994
9  9  1  0.999952
7  7  1  0.997973
5  5  1  0.999998
1  1  1  0.999987
6  6  1  0.998942
8  8  1  0.999987
9  9  1  0.997929
5  5  1  0.999886
5  5  1  1
7  7  1  0.989493
9  9  1  0.999979
3  3  1  1
8  8  1  0.999959
3  3  1  0.999973
8  8  1  0.999954
1  1  1  0.999948
5  5  1  1
3  3  1  1
5  5  1  0.999897
0  0  1  0.999997
5  5  1  1
5  5  1  0.99926
3  3  1  0.989643
8  8  1  0.999999
6  6  1  0.999979
7  7  1  0.999904
7  7  1  0.999744
7  7  1  0.999999
3  3  1  1
7  7  1  0.999894
0  0  1  0.999928
5  5  1  0.999985
9  9  1  0.998568
0  0  1  0.999865
2  2  1  1
5  5  1  0.999062
5  5  1  0.993725
3  3  1  1
1  1  1  0.998829
7  7  1  0.998875
7  7  1  0.827863
8  8  1  1
6  6  1  0.999826
5  5  1  0.999942
9  9  1  0.508205
3  3  1  1
8  8  1  0.999996
9  9  1  0.999928
5  5  1  0.999975
3  3  1  1
7  7  1  0.99901
9  9  1  0.999413
1  1  1  0.99993
7  7  1  0.999626
0  0  1  0.999972
0  0  1  0.99999
3  3  1  0.999999
7  7  1  0.999999
2  2  1  0.998839
5  3  0  0.998537
8  8  1  0.999287
1  1  1  0.999824
8  8  1  1
6  6  1  0.999892
2  2  1  0.999996
9  9  1  0.999856
5  5  1  0.999392
7  7  1  0.999987
5  5  1  1
7  7  1  0.786391
8  8  1  0.999996
6  6  1  0.997782
2  2  1  0.999951
5  5  1  0.999786
1  1  1  0.999859
4  4  1  1
8  8  1  1
4  4  1  1
5  5  1  0.999996
8  8  1  0.997835
3  3  1  0.999974
0  0  1  0.999968
6  6  1  0.999996
2  2  1  1
7  7  1  0.999873
3  3  1  1
3  3  1  0.999994
2  2  1  0.999989
1  1  1  0.999974
0  0  1  1
7  7  1  0.999923
3  3  1  0.999986
4  4  1  0.975449
0  0  1  0.997395
3  3  1  1
9  9  1  1
3  3  1  1
2  2  1  0.997417
8  8  1  0.999978
9  9  1  0.999914
0  0  1  0.999989
3  3  1  1
8  8  1  0.999997
0  0  1  0.999882
7  7  1  0.999571
6  6  1  0.999978
5  5  1  0.999999
4  4  1  0.99994
7  7  1  0.999695
3  3  1  1
9  9  1  0.789698
0  0  1  0.99994
8  8  1  0.999972
6  6  1  0.999813
2  2  1  0.999853
5  5  1  1
6  1  0  0.999534
1  1  1  0.999957
0  0  1  0.999897
0  0  1  1
4  4  1  0.999966
4  4  1  0.928981
0  0  1  0.999936
1  1  1  0.999987
2  2  1  1
3  3  1  1
2  2  1  1
7  7  1  0.996371
7  7  1  0.999871
8  8  1  0.999997
5  5  1  0.999924
2  2  1  1
5  5  1  0.999973
7  7  1  0.930304
6  6  1  0.999373
9  9  1  0.998857
1  1  1  0.999654
4  4  1  1
1  1  1  0.999437
6  6  1  0.999999
4  4  1  0.998966
2  2  1  1
4  4  1  0.999999
3  3  1  0.999999
5  5  1  1
4  4  1  0.999999
3  3  1  0.999979
9  9  1  0.999982
5  5  1  0.999914
0  0  1  0.999999
1  1  1  0.999971
5  5  1  0.987291
3  3  1  1
8  8  1  0.999978
9  9  1  0.999957
1  1  1  0.999972
9  9  1  0.999933
7  7  1  0.998842
9  9  1  0.999753
5  5  1  0.999989
5  5  1  0.999838
2  2  1  0.999033
7  7  1  0.995908
4  4  1  0.999998
6  6  1  0.999978
0  0  1  0.999866
1  1  1  0.998361
1  1  1  0.997463
1  1  1  0.999287
0  0  1  1
4  4  1  0.999879
4  4  1  0.999973
7  7  1  0.991733
6  6  1  1
3  3  1  1
0  0  1  0.604116
0  0  1  0.999999
4  4  1  0.998419
3  3  1  1
0  0  1  0.999999
6  6  1  0.999949
1  1  1  0.999853
9  9  1  0.757075
6  6  1  0.844061
1  1  1  0.999809
3  3  1  0.999994
8  8  1  0.99999
1  1  1  0.999954
2  2  1  0.999997
5  5  1  1
6  6  1  1
2  2  1  1
7  7  1  0.999801
3  3  1  1
6  6  1  0.998719
0  0  1  0.999999
1  1  1  0.998242
9  9  1  0.983095
7  7  1  0.999252
6  6  1  0.99999
6  6  1  1
8  8  1  0.999953
9  9  1  0.999947
2  2  1  0.999999
9  9  1  0.604045
5  5  1  0.812268
8  8  1  1
3  3  1  0.999998
1  1  1  0.999981
0  0  1  0.999983
0  0  1  0.999918
7  7  1  0.99741
6  6  1  0.997576
6  6  1  0.999767
2  2  1  1
1  1  1  0.995882
6  6  1  0.986555
9  9  1  0.99945
3  3  1  0.999922
1  1  1  0.999962
8  8  1  0.939584
6  6  1  1
9  9  1  0.967031
0  0  1  0.999462
6  6  1  0.999956
0  0  1  0.999995
0  0  1  0.999996
0  0  1  1
6  6  1  0.999951
3  3  1  1
5  5  1  1
9  9  1  0.971654
3  3  1  0.991105
4  4  1  0.973117
5  5  1  0.999997
5  5  1  0.999999
8  8  1  1
5  5  1  0.999998
3  3  1  0.999999
0  0  1  0.999936
4  4  1  0.993882
0  0  1  1
2  2  1  0.999941
9  9  1  0.999703
6  6  1  0.99999
8  8  1  0.999761
2  2  1  0.999941
3  3  1  1
1  1  1  0.998799
2  2  1  1
1  1  1  0.999515
1  1  1  0.999971
5  5  1  1
6  6  1  0.999996
9  9  1  0.999991
8  8  1  0.996658
0  0  1  0.999344
6  6  1  1
6  6  1  0.999568
5  5  1  0.999995
5  5  1  1
3  3  1  0.999999
8  8  1  0.999998
6  6  1  0.999999
2  2  1  0.999999
1  1  1  0.998979
4  4  1  0.999996
5  5  1  0.999978
4  4  1  1
3  3  1  1
7  7  1  0.999872
8  8  1  0.999977
5  3  0  0.54716
0  0  1  0.999686
9  9  1  0.990865
3  3  1  0.999996
5  5  1  0.999046
1  1  1  0.999855
1  1  1  0.999874
0  0  1  0.99986
4  4  1  0.99695
4  4  1  1
7  7  1  0.997106
0  0  1  0.99982
1  1  1  0.999674
7  7  1  0.982248
0  0  1  0.999995
1  1  1  0.999892
6  6  1  0.999999
1  1  1  0.999456
4  4  1  0.999997
5  5  1  0.999969
6  6  1  0.999958
6  6  1  0.999913
5  5  1  0.997061
7  7  1  0.999993
8  8  1  0.999772
4  4  1  0.999998
4  2  0  0.567889
7  7  1  0.999984
2  2  1  0.999998
5  5  1  0.999998
3  3  1  1
7  7  1  0.998783
0  0  1  0.999999
7  7  1  0.99569
7  7  1  0.999947
9  9  1  0.999851
6  6  1  0.999964
4  4  1  0.999981
2  2  1  0.999994
8  8  1  1
5  5  1  0.94461
7  7  1  0.998
8  8  1  0.999999
3  3  1  0.999968
9  9  1  0.990825
5  5  1  0.999999
8  8  1  0.999997
9  9  1  0.999962
9  9  1  0.999816
8  8  1  0.999993
6  6  1  0.920037
2  2  1  0.999999
8  8  1  0.999941
9  9  1  0.987919
2  2  1  1
3  3  1  1
6  6  1  0.999829
1  1  1  0.998212
1  1  1  0.999963
8  8  1  0.999994
9  9  1  0.999912
3  3  1  0.999998
4  4  1  0.999922
0  0  1  0.99998
7  7  1  0.999928
9  9  1  0.999927
6  6  1  0.999224
4  4  1  0.958107
1  1  1  0.9998
4  4  1  0.999986
1  1  1  0.999983
3  3  1  0.999994
4  4  1  0.999994
9  9  1  0.999999
3  3  1  1
1  1  1  0.996706
4  4  1  1
7  7  1  0.999892
7  7  1  0.999907
4  4  1  0.999999
7  7  1  0.973268
2  2  1  0.999999
9  9  1  0.99996
3  3  1  1
0  0  1  0.998897
8  8  1  1
8  0  0  0.942236
8  8  1  0.999995
4  4  1  0.999969
0  0  1  0.999999
4  4  1  0.999839
4  4  1  0.989541
1  1  1  0.999852
5  5  1  1
2  2  1  1
8  8  1  0.997923
3  3  1  0.999398
4  4  1  0.998513
9  9  1  0.999965
5  5  1  0.999965
2  2  1  0.998322
8  8  1  0.999303
1  1  1  0.999859
5  5  1  0.999979
3  3  1  1
7  7  1  0.90887
9  9  1  0.999982
4  4  1  0.999984
2  2  1  1
5  5  1  0.999814
6  6  1  0.999817
3  2  0  0.48516
5  5  1  1
9  9  1  0.999979
3  3  1  0.999999
5  5  1  0.998796
9  9  1  0.999418
3  2  0  0.893065
1  1  1  0.999985
9  9  1  0.99989
5  5  1  0.968277
3  3  1  1
0  0  1  0.9991
6  6  1  0.999773
9  9  1  1
8  8  1  1
4  4  1  0.999999
0  0  1  0.999879
4  4  1  0.992973
9  5  0  0.919466
2  2  1  0.999856
9  9  1  0.999999
0  0  1  0.999999
1  1  1  0.997166
0  0  1  0.981329
3  3  1  0.998515
1  1  1  0.998998
6  6  1  0.999988
5  5  1  0.999989
8  8  1  0.999993
1  1  1  0.999967
5  5  1  0.999995
3  3  1  0.999832
3  3  1  0.78078
0  0  1  0.999868
3  3  1  1
5  5  1  0.998669
5  5  1  0.999992
9  9  1  0.999934
2  2  1  0.998338
8  8  1  0.999969
7  7  1  0.981726
0  0  1  0.999996
4  4  1  1
9  9  1  0.997663
1  1  1  0.999964
9  9  1  0.998898
7  7  1  0.999988
7  7  1  0.985325
5  5  1  0.999927
5  5  1  0.790419
2  2  1  1
0  0  1  0.991962
9  9  1  0.999988
1  1  1  0.999991
8  8  1  0.997443
6  6  1  0.993173
2  2  1  0.999993
3  3  1  1
9  9  1  0.827334
6  6  1  0.999994
2  2  1  0.999989
1  1  1  0.999967
9  9  1  0.999986
1  1  1  0.999964
3  3  1  1
5  5  1  0.999617
5  5  1  0.999968
0  0  1  0.999728
3  3  1  0.999997
8  8  1  0.998856
3  3  1  0.999999
3  3  1  1
7  7  1  0.991404
6  6  1  0.998883
6  8  0  0.733229
0  0  1  1
1  1  1  0.999982
4  4  1  0.999984
0  0  1  0.999997
6  6  1  0.999608
9  9  1  0.998663
8  8  1  0.999995
1  1  1  0.999821
2  2  1  0.999993
9  9  1  0.989643
9  9  1  0.99987
5  5  1  0.999977
9  9  1  0.999996
7  7  1  0.999947
3  3  1  1
7  7  1  0.99992
8  8  1  0.998654
0  0  1  0.999999
1  1  1  0.999656
3  3  1  1
0  0  1  0.996714
4  4  1  0.999999
6  6  1  0.999999
1  1  1  0.99975
0  0  1  0.999988
2  2  1  0.998605
5  5  1  0.999963
8  8  1  0.834342
4  4  1  0.999999
4  4  1  1
1  1  1  0.999866
1  1  1  0.999976
5  5  1  0.999999
4  4  1  0.999993
6  6  1  0.795404
6  6  1  1
0  0  1  0.999999
6  6  1  0.999985
9  9  1  0.999874
2  2  1  0.999999
6  6  1  0.999997
2  2  1  1
7  7  1  0.999411
1  1  1  0.997885
7  7  1  0.997945
9  9  1  0.999996
4  4  1  0.999981
0  0  1  0.999994
0  0  1  1
3  3  1  1
8  8  1  0.999986
2  2  1  1
2  2  1  0.999996
3  3  1  1
1  1  1  0.999982
6  6  1  0.999998
0  0  1  0.999999
5  5  1  1
7  7  1  0.998037
7  7  1  0.994204
9  9  1  0.999982
2  2  1  1
6  6  1  0.999997
7  7  1  0.993478
9  9  1  0.492011
7  7  1  0.999668
8  8  1  0.916346
6  6  1  0.999992
8  8  1  0.999994
8  8  1  0.999154
4  4  1  0.999992
6  6  1  0.999945
8  8  1  0.999908
4  4  1  0.99994
1  1  1  0.999918
2  2  1  1
8  8  1  1
1  2  0  0.791305
3  3  1  1
9  9  1  0.999997
4  4  1  1
0  0  1  0.99825
3  3  1  0.99589
7  7  1  0.999978
3  3  1  1
2  2  1  1
3  3  1  1
3  3  1  1
7  7  1  0.999429
3  3  1  0.999963
4  4  1  0.999989
0  0  1  0.999986
6  6  1  0.999988
2  2  1  0.999999
0  0  1  0.999846
8  8  1  0.999996
1  1  1  0.998066
5  5  1  0.999999
3  3  1  0.99998
5  5  1  0.999987
4  4  1  1
1  1  1  0.999821
7  7  1  0.999947
1  1  1  0.99996
5  5  1  0.976995
7  7  1  0.99891
5  5  1  0.994612
7  7  1  0.999659
3  3  1  1
2  2  1  1
2  2  1  0.996378
7  7  1  0.999997
3  3  1  0.99671
7  7  1  0.889754
3  3  1  0.999995
7  7  1  0.99856
8  8  1  0.998689
5  5  1  0.999999
4  4  1  0.998135
5  5  1  0.997667
2  2  1  1
5  5  1  0.996163
6  6  1  0.999991
5  5  1  1
3  3  1  1
6  6  1  0.999614
7  7  1  0.995978
4  4  1  0.999999
1  1  1  0.999791
7  7  1  0.999998
1  1  1  0.999983
5  5  1  0.999662
2  2  1  0.999998
3  3  1  0.99885
6  6  1  0.990346
3  3  1  1
1  1  1  0.998549
4  4  1  0.999687
2  2  1  0.999966
6  6  1  0.999959
7  7  1  0.999946
4  4  1  1
3  3  1  0.999942
8  8  1  1
0  0  1  0.999996
6  6  1  0.999998
2  2  1  1
1  1  1  0.999917
6  6  1  1
5  5  1  0.999731
3  3  1  0.996262
9  9  1  0.999954
1  1  1  0.99986
9  9  1  0.999995
3  3  1  1
2  2  1  0.999628
1  1  1  0.998789
8  8  1  0.999929
4  4  1  0.999959
4  4  1  0.999994
6  6  1  0.999992
5  5  1  0.972605
8  8  1  0.999226
6  6  1  0.999998
9  9  1  0.996274
7  7  1  0.999554
7  7  1  0.999955
8  8  1  0.999999
6  6  1  0.999997
9  9  1  0.999998
7  7  1  0.999887
3  3  1  0.999906
9  9  1  0.999989
4  4  1  1
0  0  1  0.999997
5  5  1  0.999687
4  4  1  0.997936
6  6  1  0.954778
4  4  1  1
1  1  1  0.999861
2  2  1  0.999887
3  3  1  1
0  0  1  0.999969
0  0  1  1
2  2  1  1
6  6  1  0.999975
6  6  1  1
5  5  1  0.999989
7  7  1  0.994722
0  0  1  0.999421
8  8  1  0.999889
6  6  1  0.999999
4  4  1  1
7  7  1  0.991171
9  9  1  0.99983
0  0  1  0.999934
7  7  1  0.999881
3  3  1  0.999971
4  4  1  0.999994
2  2  1  1
1  1  1  0.99037
8  8  1  1
8  8  1  1
5  5  1  1
9  9  1  0.99999
2  2  1  1
7  7  1  0.999618
1  1  1  0.999585
8  8  1  0.999997
8  8  1  0.999989
8  8  1  0.9996
2  2  1  0.999506
7  7  1  0.999919
6  6  1  0.999944
0  0  1  0.999817
1  1  1  0.999822
2  2  1  1
7  7  1  0.96305
1  1  1  0.999943
0  0  1  0.999999
8  8  1  0.991022
3  3  1  1
6  6  1  0.949216
0  0  1  0.999573
5  5  1  1
3  3  1  1
6  6  1  0.998014
2  2  1  1
8  8  1  0.999989
7  9  0  0.731692
0  0  1  0.999999
1  1  1  0.999705
4  4  1  0.999963
2  2  1  0.99997
1  1  1  0.999933
1  1  1  0.999928
4  4  1  0.999769
4  4  1  0.999999
4  4  1  1
4  4  1  0.999978
7  7  1  0.975257
1  1  1  0.999537
6  6  1  0.997643
2  2  1  0.996149
9  9  1  0.992469
9  9  1  0.999996
0  0  1  0.999875
0  0  1  0.99918
1  1  1  0.999876
8  8  1  0.99997
8  8  1  0.999932
4  4  1  0.999996
3  3  1  1
4  4  1  1
2  2  1  0.999061
0  0  1  0.995364
6  6  1  0.999343
1  1  1  0.99995
6  6  1  0.996741
1  1  1  0.99994
2  2  1  0.999999
2  2  1  0.999984
2  2  1  1
1  1  1  0.999478
2  2  1  0.999759
3  3  1  1
7  7  1  0.998811
8  8  1  0.999933
1  1  1  0.999916
0  0  1  1
0  0  1  0.996515
2  2  1  0.99985
1  1  1  0.999883
6  6  1  0.998975
6  6  1  0.999972
0  0  1  1
1  1  1  0.99981
6  6  1  0.999394
2  2  1  1
5  5  1  0.999994
1  1  1  0.999926
7  7  1  0.999407
4  4  1  0.999994
8  8  1  0.999999
2  2  1  0.992557
1  1  1  0.999924
4  4  1  0.999937
3  3  1  1
8  8  1  0.999565
3  3  1  1
9  9  1  0.999979
9  9  1  0.999991
4  4  1  0.999949
8  8  1  0.747649
3  3  1  0.999986
4  4  1  0.999994
7  7  1  0.999985
2  2  1  1
7  7  1  0.999938
5  5  1  0.999997
7  7  1  0.999216
0  0  1  0.999988
4  4  1  1
3  3  1  1
3  3  1  0.999888
2  2  1  1
6  6  1  0.997448
7  7  1  0.998487
6  6  1  0.999947
0  0  1  0.998619
0  0  1  0.999989
6  6  1  1
7  7  1  0.999902
7  7  1  0.999932
0  0  1  0.999989
5  5  1  0.999999
5  5  1  0.9999
8  8  1  0.999999
1  1  1  0.999977
0  0  1  0.999999
7  7  1  0.994659
0  0  1  0.999627
2  2  1  0.999993
8  8  1  0.999991
1  1  1  0.999928
5  5  1  0.999872
0  0  1  0.999909
8  8  1  0.999818
8  8  1  0.999997
0  0  1  0.999999
3  3  1  0.999919
2  2  1  1
7  7  1  0.999591
7  7  1  0.995711
2  2  1  0.996157
6  6  1  0.99984
4  4  1  0.999996
7  7  1  0.990856
5  5  1  0.999845
5  5  1  0.999758
5  5  1  0.998977
2  2  1  0.994665
9  9  1  0.999852
2  2  1  0.998671
8  8  1  1
4  4  1  0.999945
6  6  1  0.992515
8  8  1  0.993813
6  6  1  0.989179
5  5  1  0.999999
0  0  1  0.999997
0  0  1  0.99933
8  8  1  1
7  7  1  0.998272
6  6  1  0.998745
1  1  1  0.99948
7  7  1  0.99983
1  1  1  0.999922
1  1  1  0.999985
2  2  1  1
7  7  1  0.99999
4  4  1  1
0  0  1  0.988839
0  0  1  0.99999
7  7  1  0.999972
7  7  1  0.991974
6  6  1  1
3  3  1  1
8  8  1  0.998696
6  6  1  0.997386
4  4  1  1
2  2  1  0.999965
0  0  1  0.999995
9  9  1  0.99872
4  4  1  1
0  0  1  0.999999
5  5  1  0.999998
7  7  1  0.629171
8  8  1  0.999967
2  2  1  0.989109
7  7  1  0.998318
4  4  1  0.998594
7  7  1  0.999943
1  1  1  0.999948
1  1  1  0.999831
3  3  1  0.999989
6  6  1  1
6  6  1  0.999643
2  2  1  0.977646
9  9  1  0.999988
1  1  1  0.999896
9  9  1  0.999993
4  4  1  0.971692
8  8  1  1
3  3  1  1
6  6  1  0.999999
9  9  1  0.999944
5  5  1  0.999998
9  9  1  0.99927
6  6  1  0.999996
2  2  1  0.999999
4  4  1  1
6  6  1  0.999978
7  7  1  0.999974
7  7  1  0.999985
0  0  1  0.999998
6  6  1  0.999996
6  6  1  0.999995
9  9  1  0.999556
4  4  1  0.975441
8  8  1  0.999894
3  3  1  1
5  5  1  0.999999
3  3  1  1
4  4  1  0.998619
9  9  1  0.999749
0  0  1  0.989211
0  0  1  0.999998
5  5  1  0.999719
2  2  1  0.9998
5  5  1  0.999906
0  0  1  0.999985
7  7  1  0.999535
1  1  1  0.999886
1  1  1  0.99975
1  1  1  0.999822
6  0  0  0.962635
7  7  1  0.999545
6  6  1  0.999953
7  7  1  0.938798
9  9  1  0.999982
6  6  1  0.997837
6  6  1  0.999948
4  4  1  0.999679
1  1  1  0.998285
4  4  1  0.999999
3  3  1  0.999993
1  1  1  0.999985
1  1  1  0.999872
2  2  1  0.999999
2  2  1  0.999978
4  4  1  0.997317
1  1  1  0.999901
0  0  1  0.999827
8  8  1  0.999993
7  7  1  0.976426
6  6  1  0.999913
3  3  1  1
4  4  1  0.999983
0  0  1  1
0  0  1  0.999911
6  6  1  0.999995
3  3  1  0.999022
3  3  1  1
0  0  1  0.999669
7  7  1  0.668844
1  1  1  0.999812
7  7  1  0.998725
1  1  1  0.999947
1  1  1  0.999984
3  3  1  0.999999
1  1  1  0.971976
0  0  1  0.999966
9  9  1  0.999997
9  9  1  0.995179
7  7  1  0.999132
5  5  1  1
4  4  1  1
1  1  1  0.9997
4  4  1  0.999938
8  8  1  0.999949
9  9  1  0.999997
5  5  1  0.999997
3  3  1  0.999999
5  5  1  1
1  1  1  0.999946
9  9  1  0.999979
8  8  1  0.999995
2  2  1  0.618148
3  3  1  0.854204
3  3  1  0.999953
9  9  1  0.999999
9  9  1  0.997458
0  0  1  1
1  1  1  0.999977
0  0  1  0.999996
2  2  1  1
9  9  1  0.999993
3  3  1  1
9  9  1  0.999969
3  3  1  1
3  3  1  1
6  6  1  0.999995
2  2  1  0.999912
4  4  1  0.974565
9  9  1  0.966505
8  8  1  0.997959
3  3  1  1
7  7  1  0.997576
4  4  1  0.999997
0  0  1  0.999858
4  4  1  0.999994
7  7  1  0.999385
8  8  1  0.999998
4  4  1  1
9  9  1  0.999979
8  8  1  1
9  1  0  0.567407
9  9  1  0.999672
7  7  1  0.999913
5  5  1  0.999997
9  9  1  0.999987
2  2  1  1
8  8  1  0.999844
2  2  1  0.999999
2  2  1  0.998669
0  0  1  0.999996
2  2  1  0.999999
2  2  1  1
3  3  1  1
8  8  1  0.99367
4  4  1  1
6  6  1  0.999883
8  8  1  0.999966
6  4  0  0.995658
8  8  1  0.999981
2  2  1  0.99999
4  4  1  0.999999
6  6  1  1
7  7  1  0.994724
9  9  1  0.999992
3  3  1  1
3  3  1  1
9  9  1  0.999068
4  4  1  0.999924
3  3  1  1
1  1  1  0.999112
4  4  1  0.987155
4  4  1  0.915666
7  7  1  0.999999
0  0  1  0.999941
5  5  1  0.999998
9  9  1  0.999999
6  6  1  0.999991
0  0  1  0.99997
4  4  1  0.999747
4  4  1  0.999981
4  4  1  0.99998
4  4  1  0.999979
6  6  1  1
1  1  1  0.999937
2  2  1  0.999991
3  3  1  1
3  3  1  0.998289
6  6  1  0.924312
4  4  1  0.999987
5  5  1  0.999958
9  9  1  0.999973
6  6  1  1
8  8  1  0.999921
5  5  1  0.999997
6  6  1  0.992187
5  0  0  0.784419
8  5  0  0.471269
6  6  1  1
4  4  1  0.999459
1  1  1  0.999967
8  8  1  0.999631
6  6  1  0.99885
5  5  1  0.999453
2  2  1  1
8  8  1  0.988905
4  4  1  0.99998
5  5  1  1
5  5  1  0.999998
4  4  1  0.999824
7  7  1  0.999657
7  7  1  0.999631
0  0  1  0.673124
7  7  1  0.999991
8  8  1  0.999999
2  2  1  0.99991
2  2  1  0.999997
3  3  1  1
7  7  1  0.987209
0  0  1  0.999985
1  1  1  0.999218
8  8  1  0.999866
0  0  1  1
7  7  1  0.999785
1  1  1  0.999994
9  9  1  0.999992
8  8  1  1
7  7  1  0.99893
5  5  1  0.999999
5  5  1  0.999585
9  9  1  0.988416
1  1  1  0.999986
7  7  1  0.999999
5  5  1  1
4  4  1  0.999983
9  3  0  0.594367
1  1  1  0.999388
2  2  1  0.997992
2  2  1  0.999891
1  1  1  0.963942
6  6  1  1
6  6  1  1
7  7  1  0.998624
1  1  1  0.999917
1  1  1  0.996512
4  4  1  0.996476
0  0  1  1
7  7  1  0.998782
4  4  1  1
2  2  1  0.999996
4  4  1  0.999999
0  0  1  0.999987
6  6  1  1
4  4  1  0.999886
7  7  1  0.999718
6  6  1  0.999969
9  9  1  0.989262
5  5  1  0.999915
3  3  1  1
4  4  1  0.999999
6  6  1  1
5  5  1  0.999995
0  0  1  0.999997
1  1  1  0.999963
8  8  1  0.993641
8  8  1  0.999995
2  2  1  1
8  8  1  0.996796
3  3  1  1
5  5  1  1
7  7  1  0.999962
8  8  1  1
0  0  1  0.999637
8  8  1  0.999487
5  5  1  0.999997
7  7  1  0.99951
1  1  1  0.999985
1  1  1  0.999846
0  0  1  0.99776
1  1  1  0.999909
3  3  1  1
7  7  1  0.999699
8  8  1  0.999999
5  5  1  0.999923
0  0  1  0.998483
7  7  1  0.998494
1  1  1  0.999989
1  1  1  0.999928
0  0  1  0.999978
1  1  1  0.999969
1  1  1  0.999971
4  4  1  0.999187
5  5  1  0.999355
2  2  1  0.999999
7  7  1  0.999728
6  6  1  1
2  2  1  0.999824
3  3  1  1
0  0  1  1
2  2  1  1
8  8  1  0.993175
5  5  1  0.999894
9  9  1  0.994866
6  6  1  0.999997
9  9  1  0.999993
7  7  1  0.999947
2  2  1  1
1  1  1  0.999822
3  3  1  1
6  6  1  0.999999
4  4  1  0.999979
1  1  1  0.999928
8  8  1  0.998113
2  2  1  1
4  4  1  1
0  0  1  0.999999
5  5  1  1
1  1  1  0.999956
0  0  1  0.999992
2  2  1  0.910065
2  2  1  0.999999
6  6  1  0.99999
4  4  1  1
4  4  1  0.999893
3  3  1  0.999999
9  9  1  0.999986
6  6  1  0.967698
1  1  1  0.999973
6  6  1  0.998547
5  5  1  1
7  7  1  0.999953
9  9  1  0.999989
2  2  1  0.999985
0  0  1  0.99999
2  2  1  1
6  6  1  0.999988
0  0  1  0.99977
1  1  1  0.999884
4  4  1  0.999993
3  3  1  1
5  5  1  0.936077
2  2  1  1
8  8  1  1
8  8  1  0.999997
0  0  1  0.997398
8  8  1  0.999913
8  8  1  0.999981
9  9  1  0.999989
0  0  1  0.99915
9  9  1  0.999982
6  6  1  1
7  7  1  0.999948
6  6  1  0.999989
3  3  1  1
9  9  1  0.950616
3  3  1  1
4  4  1  0.898979
7  7  1  0.999556
7  7  1  0.999354
7  7  1  0.996907
4  4  1  0.999998
9  9  1  0.997722
0  0  1  0.999837
6  6  1  0.999677
4  4  1  0.982753
8  8  1  0.866566
4  4  1  0.999792
2  2  1  0.999955
7  7  1  0.997703
2  2  1  1
8  8  1  0.999999
1  1  1  0.999937
0  0  1  0.999999
0  0  1  1
7  7  1  0.997725
8  8  1  0.999999
3  3  1  0.999997
3  3  1  0.999791
3  3  1  1
1  1  1  0.99998
3  3  1  0.997909
7  7  1  0.999956
6  6  1  0.999766
1  1  1  0.999827
3  3  1  0.999999
1  1  1  0.999697
6  6  1  0.999056
6  6  1  0.974316
5  5  1  0.999979
7  7  1  0.950506
4  4  1  0.999992
7  7  1  0.999985
5  5  1  0.99998
9  9  1  0.96379
5  5  1  0.997295
8  8  1  0.999324
4  4  1  0.999994
9  9  1  0.999972
9  9  1  1
1  1  1  0.995467
6  6  1  0.810899
5  5  1  0.999628
0  0  1  0.994505
1  1  1  0.999861
3  3  1  0.999994
7  2  0  0.935053
0  0  1  0.999998
3  3  1  0.999954
4  4  1  0.999996
8  8  1  0.999854
2  2  1  0.999985
2  2  1  0.999826
0  0  1  0.99993
2  2  1  1
5  5  1  0.99888
1  1  1  0.999668
5  5  1  0.769173
1  1  1  0.999843
4  4  1  0.869961
8  8  1  0.999999
8  8  1  0.992877
9  9  1  0.999891
1  1  1  0.999906
2  2  1  0.999333
1  1  1  0.999922
3  3  1  0.999991
5  5  1  1
1  1  1  0.999154
0  0  1  0.999912
9  9  1  0.995457
4  4  1  0.999999
4  4  1  1
8  8  1  0.887443
3  3  1  0.999966
2  2  1  0.624393
5  5  1  1
9  9  1  0.998188
7  7  1  0.999613
6  6  1  0.998916
6  6  1  0.9991
2  2  1  1
0  0  1  0.99996
0  0  1  0.999773
0  0  1  0.999996
5  5  1  0.631113
8  8  1  1
7  8  0  0.602846
1  1  1  0.999883
5  5  1  0.999165
2  2  1  0.967894
3  3  1  0.999999
8  8  1  0.999999
5  5  1  1
1  1  1  0.999995
8  8  1  0.999999
2  2  1  0.999995
0  0  1  0.951184
4  4  1  0.999999
9  9  1  0.994389
9  9  1  0.960906
6  6  1  1
2  2  1  1
3  3  1  1
3  3  1  1
5  5  1  1
6  6  1  0.999999
4  4  1  1
8  8  1  0.999998
0  0  1  0.999999
9  9  1  0.985341
2  2  1  0.999997
8  8  1  0.99663
3  3  1  0.999992
6  6  1  1
7  7  1  0.999718
5  5  1  0.999996
7  7  1  0.995111
2  2  1  1
9  9  1  0.999833
4  4  1  1
9  9  1  0.999997
1  1  1  0.999826
2  2  1  0.999999
8  8  1  1
6  6  1  0.983729
0  0  1  0.999979
7  7  1  0.999992
0  0  1  1
9  9  1  0.994527
1  1  1  0.997172
1  1  1  0.998101
6  6  1  0.635954
7  7  1  0.999962
5  5  1  0.999917
9  9  1  0.999247
9  9  1  0.999968
1  1  1  0.999683
9  9  1  0.976543
5  5  1  0.999999
9  9  1  0.999987
2  2  1  0.999048
5  5  1  0.999999
0  0  1  0.999984
4  4  1  1
1  1  1  0.999937
0  0  1  0.999936
8  8  1  0.999998
9  9  1  0.955099
0  0  1  0.999997
8  8  1  0.851706
9  9  1  0.999996
8  8  1  0.999995
9  9  1  0.999877
4  4  1  1
2  2  1  0.999587
5  5  1  0.999994
7  7  1  0.999239
9  9  1  0.996163
8  8  1  0.999981
9  9  1  0.998911
8  8  1  1
0  0  1  1
9  9  1  0.999985
9  9  1  0.999989
6  6  1  1
8  8  1  1
9  9  1  0.99966
9  9  1  0.999978
5  5  1  0.999982
9  9  1  0.999999
8  8  1  1
5  5  1  0.96244
1  1  1  0.999522
0  0  1  0.999904
3  3  1  1
3  3  1  0.999996
5  5  1  0.999615
2  2  1  0.999924
1  1  1  0.999917
6  6  1  0.999991
5  5  1  0.997294
0  0  1  0.999995
2  2  1  0.999995
8  8  1  0.999994
1  3  0  0.95173
5  5  1  1
6  6  1  0.999975
2  2  1  0.999995
3  3  1  1
0  0  1  0.999882
2  2  1  0.999999
2  2  1  0.999969
6  6  1  0.999999
4  4  1  1
3  3  1  0.999989
5  5  1  0.99999
5  5  1  0.999969
1  1  1  0.999973
7  7  1  1
2  2  1  0.999997
1  1  1  0.999929
6  6  1  0.999989
9  9  1  0.992094
1  1  1  0.99993
9  9  1  0.853981
9  9  1  0.999949
5  5  1  0.999998
5  5  1  0.999932
1  1  1  0.999989
6  6  1  0.999997
2  2  1  1
2  2  1  1
8  8  1  0.999996
6  6  1  0.999964
7  7  1  0.999288
1  1  1  0.999541
4  4  1  0.999995
6  6  1  0.999958
0  0  1  0.999957
4  6  0  0.476912
0  0  1  0.999833
3  3  1  0.997123
3  3  1  1
2  2  1  0.999995
2  2  1  0.994866
3  3  1  1
6  6  1  0.999987
8  8  1  0.999997
9  9  1  0.996962
8  8  1  0.813994
5  5  1  0.999782
3  3  1  1
8  8  1  0.999832
5  5  1  0.999999
4  4  1  1
5  5  1  0.999997
2  2  1  0.999999
0  0  1  0.999998
5  5  1  1
6  6  1  0.99997
3  3  1  0.999185
2  2  1  0.999987
8  8  1  0.999998
3  3  1  1
9  9  1  0.999998
9  9  1  0.993737
5  5  1  0.998634
7  7  1  0.999287
9  9  1  0.997117
4  4  1  0.998124
6  6  1  0.999997
7  7  1  0.999982
1  1  1  0.99816
3  3  1  0.999988
7  7  1  0.720388
3  3  1  0.999981
6  6  1  0.999867
6  6  1  0.99998
0  0  1  0.999999
9  9  1  0.999961
0  0  1  1
1  1  1  0.999893
9  9  1  0.999398
9  4  0  0.541159
2  2  1  0.999957
8  8  1  0.999996
8  8  1  0.989634
0  0  1  0.999788
1  1  1  0.9999
6  6  1  0.999998
9  9  1  0.999992
7  7  1  0.999955
5  5  1  0.999976
3  3  1  0.999854
4  4  1  0.999999
7  7  1  0.997144
4  4  1  0.999941
9  9  1  0.999998
9  9  1  0.991345
4  4  1  0.999545
3  3  1  0.999995
6  6  1  0.999997
3  3  1  0.999999
1  1  1  0.999933
1  1  1  0.99996
7  7  1  0.72693
6  6  1  1
9  9  1  0.999758
1  1  1  0.99994
8  8  1  0.999786
4  4  1  0.999976
1  1  1  0.999951
1  1  1  0.999955
9  9  1  0.998967
9  9  1  0.999992
4  4  1  0.993049
3  3  1  0.999546
6  6  1  0.999996
8  8  1  0.999999
1  1  1  0.999987
6  6  1  0.999777
0  0  1  0.999999
4  4  1  0.999999
1  1  1  0.999539
3  3  1  1
7  7  1  0.6631
7  7  1  0.999968
4  4  1  0.999482
9  9  1  0.997274
5  5  1  0.999947
1  1  1  0.999823
0  0  1  1
0  0  1  0.999997
1  1  1  0.999984
1  1  1  0.999988
6  6  1  0.997193
2  2  1  0.999999
1  1  1  0.999962
9  9  1  0.999967
8  8  1  1
4  4  1  1
0  0  1  0.999993
3  3  1  0.999874
6  6  1  0.999984
4  4  1  0.999998
9  9  1  0.999843
0  0  1  0.999928
7  7  1  0.999993
1  1  1  0.998518
6  6  1  1
5  5  1  0.987822
7  7  1  0.984237
5  5  1  0.999993
2  2  1  0.999998
5  5  1  0.998923
1  1  1  0.999978
8  8  1  0.999522
5  5  1  0.999971
4  4  1  0.999966
7  7  1  0.999707
0  0  1  0.999974
6  6  1  0.608664
7  7  1  0.999995
0  0  1  0.621142
2  2  1  1
5  5  1  0.933104
8  8  1  0.999773
1  1  1  0.999976
0  0  1  1
4  4  1  0.999793
5  5  1  0.999824
7  7  1  1
1  1  1  0.999516
8  8  1  0.950304
5  5  1  0.999973
1  1  1  0.999798
9  3  0  0.744145
0  0  1  0.999972
0  0  1  0.999966
6  6  1  0.999902
0  0  1  0.999579
7  7  1  0.999947
3  3  1  1
1  1  1  0.999973
8  8  1  0.99995
3  3  1  0.999983
9  9  1  0.999935
7  7  1  0.999952
0  0  1  0.999864
0  0  1  0.999997
8  8  1  0.999491
9  9  1  0.957364
5  5  1  0.999978
9  9  1  1
8  8  1  0.996138
3  3  1  1
2  2  1  1
7  7  1  0.986837
2  2  1  0.99984
9  9  1  0.999997
7  7  1  0.926423
2  2  1  0.999999
1  1  1  0.999967
1  1  1  0.999925
3  3  1  1
7  7  1  0.988344
5  5  1  1
3  3  1  0.999998
1  1  1  0.9993
9  9  1  0.999972
8  8  1  0.999934
2  2  1  0.999997
2  2  1  0.999586
2  2  1  1
8  8  1  0.952661
8  8  1  0.929531
5  5  1  0.999991
7  7  1  0.975892
3  3  1  0.999999
8  8  1  0.99998
9  9  1  0.999995
8  8  1  0.874279
8  8  1  0.992951
6  6  1  0.999344
8  8  1  0.998635
2  2  1  1
3  3  1  0.999997
9  9  1  0.999509
7  7  1  0.999962
5  5  1  0.999893
6  6  1  0.999997
2  2  1  1
9  9  1  0.999501
2  2  1  0.999867
8  8  1  0.999854
8  8  1  0.999935
1  1  1  0.999943
6  6  1  0.999996
8  8  1  0.789174
8  8  1  0.999826
7  7  1  0.999614
9  9  1  0.999597
1  1  1  0.999982
8  8  1  0.999993
0  0  1  0.99961
1  1  1  0.999516
7  7  1  0.958615
2  2  1  0.999715
0  0  1  1
7  7  1  0.999528
5  5  1  0.9999
1  1  1  0.999979
9  9  1  0.999628
0  0  1  1
2  2  1  0.890821
0  0  1  0.999991
9  9  1  0.999868
8  8  1  0.985584
6  6  1  0.999998
2  2  1  1
3  3  1  1
9  0  0  0.784798
3  3  1  1
8  8  1  0.999961
0  0  1  0.999993
2  2  1  0.999942
1  1  1  0.999926
1  1  1  0.99999
1  1  1  0.99956
1  1  1  0.999252
4  4  1  0.999995
2  2  1  0.999997
9  9  1  0.999961
7  7  1  0.999974
2  7  0  0.988049
5  5  1  0.999775
1  1  1  0.995862
1  1  1  0.999981
2  2  1  0.998509
1  1  1  0.999954
9  9  1  0.99929
9  9  1  0.99967
9  9  1  0.99995
1  1  1  0.999071
0  0  1  0.999997
2  2  1  0.999931
0  0  1  0.999996
2  2  1  0.999961
1  1  1  0.999875
1  1  1  0.999921
4  4  1  0.999977
6  6  1  0.980202
4  4  1  0.999898
1  1  1  0.99989
5  5  1  0.992698
4  4  1  0.999019
9  9  1  0.999998
7  7  1  0.841061
7  7  1  0.99999
1  1  1  0.715467
5  5  1  1
6  6  1  0.999991
2  2  1  0.999997
2  2  1  0.931272
2  2  1  0.999997
8  8  1  0.991915
0  0  1  0.999998
6  6  1  0.999992
9  9  1  0.999508
6  6  1  0.986361
1  1  1  0.980354
9  9  1  0.999879
7  7  1  0.999633
7  7  1  0.999918
1  1  1  0.989191
4  4  1  0.999996
8  8  1  0.999988
5  5  1  1
3  3  1  1
4  4  1  0.999999
3  3  1  1
4  4  1  0.999657
9  7  0  0.523775
7  7  1  0.999868
5  5  1  1
0  0  1  0.999981
7  7  1  0.999952
4  4  1  1
8  8  1  0.999982
8  8  1  0.999935
1  1  1  0.999502
5  5  1  0.999999
3  3  1  1
9  9  1  0.99993
5  5  1  1
9  9  1  0.999692
7  7  1  0.906555
6  6  1  0.999916
9  9  1  0.999999
0  0  1  0.999999
3  3  1  1
6  6  1  0.999564
3  3  1  0.999963
9  9  1  0.999902
8  8  1  1
2  2  1  1
2  2  1  0.443994
1  1  1  0.999932
2  2  1  0.999942
8  8  1  0.999989
6  6  1  1
8  8  1  0.999994
5  5  1  0.999977
5  5  1  0.995072
3  3  1  0.879769
9  9  1  0.99998
4  4  1  1
9  9  1  0.870116
2  2  1  0.999997
5  5  1  0.999962
1  1  1  0.999947
5  5  1  0.998961
1  1  1  0.999924
4  4  1  0.960284
4  4  1  0.999968
1  1  1  0.99998
4  4  1  0.999976
4  4  1  0.998911
3  3  1  0.999999
5  5  1  0.943467
9  9  1  0.999995
1  1  1  0.99983
2  2  1  0.999999
2  2  1  1
3  3  1  1
3  3  1  0.999971
0  0  1  1
2  2  1  1
9  9  1  0.999962
0  0  1  0.999947
0  0  1  0.999986
9  9  1  0.999008
9  9  1  0.845059
6  6  1  0.99951
0  0  1  0.999965
9  9  1  0.999763
3  3  1  1
2  2  1  0.974862
8  8  1  0.999998
4  4  1  0.999557
1  1  1  0.999974
9  9  1  0.999608
9  9  1  0.994865
7  7  1  0.999911
2  2  1  0.999999
7  7  1  0.997488
9  9  1  0.999983
9  9  1  0.999818
5  5  1  0.996296
9  9  1  0.999589
5  5  1  0.999992
1  1  1  0.999947
1  1  1  0.999946
8  8  1  0.999987
3  3  1  0.999307
5  5  1  1
1  1  1  0.997272
9  9  1  0.999964
5  5  1  1
3  3  1  0.999987
5  5  1  0.999999
4  4  1  0.996152
9  9  1  0.98652
5  5  1  0.999828
9  9  1  0.999951
3  3  1  0.999961
1  1  1  0.999159
9  9  1  0.999956
0  0  1  0.999994
9  9  1  0.999892
7  7  1  0.999997
5  5  1  0.987995
4  4  1  0.999999
9  9  1  0.999952
2  2  1  0.999997
0  0  1  0.999673
1  1  1  0.999977
0  0  1  0.999712
5  5  1  0.99776
1  1  1  0.999492
4  4  1  0.999999
9  9  1  0.999631
3  3  1  1
3  3  1  0.999979
6  6  1  0.999984
1  1  1  0.999965
5  5  1  0.999998
2  2  1  0.999997
5  5  1  0.999989
2  2  1  0.999978
2  2  1  0.999996
0  0  1  0.999989
9  9  1  0.880953
2  2  1  1
6  6  1  0.999823
6  6  1  1
0  0  1  1
1  1  1  0.999248
2  2  1  0.883765
0  0  1  0.999989
3  3  1  1
0  0  1  0.999995
2  2  1  0.999863
5  5  1  0.999204
5  5  1  0.999925
7  7  1  0.999912
9  9  1  0.999989
5  5  1  0.976933
5  3  0  0.504873
0  0  1  0.999973
8  8  1  0.999999
9  9  1  0.981927
5  5  1  1
0  0  1  0.999985
3  3  1  1
2  2  1  0.999995
5  5  1  0.999811
9  9  1  0.897723
0  0  1  0.999124
8  8  1  1
8  8  1  1
4  4  1  0.998608
5  5  1  0.995635
8  8  1  1
8  8  1  0.999991
4  4  1  0.999258
5  5  1  0.999999
4  4  1  1
8  8  1  0.997285
5  5  1  0.999995
4  4  1  0.979126
9  9  1  0.999949
2  2  1  0.999289
2  2  1  0.999999
1  1  1  0.999854
2  2  1  0.995545
6  6  1  0.99999
8  8  1  0.999997
8  8  1  0.999977
7  7  1  0.999869
0  0  1  1
3  3  1  0.999373
6  6  1  0.999999
6  6  1  0.999999
4  4  1  0.999487
3  3  1  1
8  8  1  0.999997
8  8  1  0.993458
7  7  1  0.936921
2  2  1  0.998982
2  2  1  1
0  0  1  0.999401
0  0  1  0.999998
9  9  1  0.943871
3  3  1  1
9  9  1  0.999999
9  9  1  0.998686
1  1  1  0.99996
9  9  1  0.999966
8  8  1  0.999998
6  6  1  0.999999
6  6  1  0.99973
4  4  1  1
2  2  1  0.99985
6  6  1  0.999996
9  9  1  0.999998
2  2  1  1
8  8  1  0.999828
5  5  1  0.999994
4  4  1  0.999983
5  5  1  0.999948
7  7  1  1
9  9  1  0.998869
9  9  1  0.93325
9  9  1  0.99995
2  2  1  0.999972
1  1  1  0.999803
8  8  1  0.999614
3  3  1  1
4  4  1  0.999997
0  0  1  0.999816
7  7  1  0.912307
8  8  1  0.999879
3  3  1  0.999905
9  9  1  0.999974
3  3  1  0.999846
4  4  1  0.998372
6  6  1  0.999761
5  5  1  0.999742
6  6  1  0.999997
2  2  1  0.999974
3  3  1  0.889394
9  9  1  0.999542
2  2  1  1
6  6  1  0.999999
0  0  1  0.999997
0  0  1  0.999994
6  6  1  0.992426
1  1  1  0.999896
2  2  1  0.997014
8  8  1  0.999938
7  7  1  0.999741
9  9  1  0.999656
8  8  1  0.999999
2  2  1  1
0  0  1  0.999999
4  4  1  0.999993
7  7  1  0.999987
7  7  1  0.926938
5  5  1  0.999857
0  0  1  0.999997
5  5  1  0.999974
6  6  1  1
4  4  1  0.996697
6  6  1  0.999958
7  7  1  0.999599
4  4  1  0.999992
3  3  1  0.999994
0  0  1  0.999998
7  7  1  0.999007
5  5  1  0.999975
0  0  1  0.999987
7  7  1  0.999998
4  4  1  1
2  2  1  0.999961
0  0  1  0.913066
8  8  1  0.999995
9  9  1  0.999736
9  9  1  0.999996
4  4  1  0.999842
2  2  1  0.999991
4  4  1  0.999908
6  6  1  1
7  7  1  0.999999
8  8  1  0.999983
7  7  1  0.996142
6  6  1  0.970743
9  9  1  0.992825
4  4  1  1
1  1  1  0.999558
3  3  1  1
7  7  1  0.996911
3  3  1  0.999982
0  0  1  0.999999
8  8  1  0.999865
8  8  1  0.514299
7  7  1  0.999387
6  6  1  0.999987
9  9  1  0.930974
3  3  1  1
9  9  1  0.999999
2  2  1  0.999977
2  2  1  0.986051
9  9  1  0.953785
2  2  1  0.999939
1  1  1  0.782168
8  8  1  0.999977
3  3  1  0.999997
2  2  1  1
9  9  1  0.99937
6  6  1  0.999998
8  8  1  0.999838
4  4  1  0.991497
0  0  1  0.999972
1  1  1  0.999944
2  2  1  1
8  8  1  1
4  4  1  0.999993
5  5  1  0.999961
2  2  1  0.999145
7  7  1  0.999995
8  8  1  0.999484
1  1  1  0.99997
1  1  1  0.999976
3  3  1  1
0  0  1  0.999975
3  3  1  0.999999
5  5  1  0.999999
7  7  1  0.999936
0  0  1  0.999984
3  3  1  1
1  1  1  0.999733
9  9  1  0.943016
3  3  1  1
6  5  0  0.835908
3  3  1  1
1  1  1  0.999879
7  7  1  0.999967
7  7  1  0.999995
3  3  1  1
0  0  1  1
8  8  1  0.999972
4  4  1  1
8  8  1  0.999974
2  2  1  0.999987
6  6  1  0.595651
5  5  1  0.999864
2  2  1  1
9  9  1  0.999966
7  7  1  0.98636
3  3  1  0.999684
9  9  1  0.999997
0  0  1  0.999989
9  9  1  0.999588
9  9  1  0.999694
6  6  1  0.999999
4  4  1  0.999695
2  2  1  1
9  9  1  0.999804
7  7  1  0.999509
2  2  1  1
1  1  1  0.99511
1  1  1  0.999981
6  6  1  0.99988
7  7  1  0.998949
4  4  1  0.920967
7  7  1  0.999254
5  5  1  0.999937
9  9  1  0.99983
6  6  1  0.964055
8  8  1  0.999844
2  2  1  0.999991
1  1  1  0.999649
4  4  1  0.996247
4  4  1  1
5  5  1  1
7  7  1  0.812393
6  6  1  0.998477
1  1  1  0.999783
3  3  1  1
2  2  1  0.999996
5  5  1  1
9  9  1  0.999343
9  9  1  0.991823
3  3  1  0.999947
6  6  1  1
1  1  1  0.999973
1  1  1  0.999872
4  4  1  0.999996
6  6  1  0.999999
9  9  1  0.999921
7  7  1  0.999297
2  2  1  0.999291
1  1  1  0.999936
5  5  1  0.999999
1  1  1  0.999844
4  4  1  0.999977
6  6  1  0.999991
3  3  1  1
8  8  1  0.999447
1  1  1  0.999983
1  1  1  0.999948
0  0  1  0.999739
3  3  1  0.999998
1  1  1  0.999895
6  6  1  0.999997
8  8  1  0.999967
4  4  1  0.999801
9  9  1  0.99989
0  0  1  1
7  7  1  0.999933
3  3  1  1
0  0  1  0.999847
2  2  1  0.999989
9  9  1  0.999978
0  0  1  0.999949
6  6  1  0.999891
6  6  1  0.988404
6  6  1  0.994234
3  3  1  1
6  6  1  0.999998
7  7  1  0.999996
7  7  1  0.997175
2  2  1  0.999994
8  8  1  0.999671
6  6  1  0.999562
0  0  1  1
8  8  1  1
3  3  1  0.998514
0  0  1  1
2  2  1  0.999935
9  9  1  0.961198
8  8  1  0.999934
3  3  1  0.999925
2  2  1  1
5  5  1  1
3  3  1  1
8  8  1  0.806787
8  8  1  0.998247
0  0  1  0.999716
0  0  1  0.999869
1  1  1  0.99915
9  9  1  1
5  5  1  0.999992
1  1  1  0.998502
3  3  1  1
9  9  1  0.999982
6  6  1  0.999999
0  0  1  0.999998
1  1  1  0.999979
4  4  1  1
1  1  1  0.999864
7  7  1  0.999998
1  1  1  0.99935
2  2  1  0.997654
3  3  1  0.999935
7  7  1  0.999902
9  9  1  0.999986
7  7  1  0.997266
4  4  1  0.999999
9  9  1  0.999836
9  9  1  0.99996
3  3  1  1
9  9  1  0.998834
2  2  1  0.999998
8  8  1  1
2  2  1  0.998219
7  7  1  0.99999
1  1  1  0.999966
8  8  1  0.951935
0  0  1  0.999936
9  9  1  0.997412
1  1  1  0.999608
0  0  1  0.999986
1  1  1  0.999566
7  7  1  0.999941
7  7  1  0.999995
9  9  1  0.999842
6  6  1  1
9  9  1  0.99973
9  9  1  0.999987
9  9  1  0.999454
2  2  1  0.999917
1  1  1  0.999887
6  6  1  0.999955
1  1  1  0.999637
3  3  1  1
5  5  1  0.999998
7  7  1  0.927773
1  1  1  0.999974
9  9  1  0.998955
7  7  1  0.998795
6  6  1  0.999999
4  4  1  0.999884
5  5  1  0.99626
7  7  1  0.999614
6  6  1  1
6  6  1  0.613122
9  9  1  0.999994
9  9  1  0.999923
6  6  1  0.997965
3  3  1  0.999999
6  6  1  0.999923
2  2  1  1
9  9  1  0.999984
8  8  1  0.99986
1  1  1  0.999984
2  2  1  1
2  2  1  0.999999
5  5  1  0.999971
5  5  1  0.998247
2  2  1  0.971011
3  3  1  1
7  7  1  0.999581
2  2  1  1
1  1  1  0.999875
0  0  1  1
1  1  1  0.998758
0  0  1  0.999902
4  4  1  0.999998
5  5  1  0.981875
2  2  1  0.97944
8  8  1  0.999799
2  2  1  0.999996
8  8  1  0.99998
3  3  1  1
5  5  1  0.999985
1  1  1  0.999854
7  7  1  0.999992
8  8  1  0.804536
1  1  1  0.999956
1  1  1  0.999658
2  2  1  1
9  9  1  0.999979
7  7  1  0.999982
8  8  1  0.999869
4  4  1  0.999803
0  0  1  0.984429
3  5  0  0.556662
0  0  1  0.999988
7  7  1  0.998633
8  8  1  0.998168
8  8  1  0.999766
4  4  1  0.999933
7  7  1  0.99998
7  7  1  0.999978
8  8  1  1
5  5  1  0.999998
8  8  1  0.999858
4  4  1  0.978678
9  9  1  0.999996
8  8  1  0.999908
1  1  1  0.999968
3  3  1  0.999987
8  8  1  0.999999
0  0  1  0.999999
3  3  1  1
1  1  1  0.972887
7  7  1  0.999137
9  9  1  0.956733
5  5  1  0.999995
5  5  1  0.993883
1  1  1  0.999739
6  6  1  0.999994
5  5  1  1
7  7  1  0.999967
4  4  1  0.99998
9  9  1  0.999999
3  3  1  1
5  5  1  0.999594
4  4  1  1
7  7  1  0.999472
1  1  1  0.999754
2  2  1  1
0  0  1  0.999695
8  8  1  0.999837
1  1  1  0.999683
6  6  1  1
0  0  1  0.999971
7  7  1  0.999989
3  3  1  1
4  4  1  0.999057
7  7  1  0.999996
3  3  1  0.999982
9  9  1  0.999922
6  6  1  1
0  0  1  0.999351
8  8  1  0.999933
6  6  1  0.999994
4  4  1  0.999999
8  8  1  1
7  7  1  0.999963
7  7  1  0.999902
9  9  1  0.999978
3  3  1  1
8  8  1  0.999999
6  6  1  0.993619
9  9  1  0.999521
7  7  1  0.999993
2  2  1  0.999991
3  3  1  0.999808
4  4  1  0.999998
0  0  1  0.996943
2  2  1  1
1  1  1  0.999627
8  3  0  0.386066
3  3  1  0.999761
5  5  1  1
5  5  1  0.999999
7  7  1  0.999948
2  2  1  0.999998
4  4  1  0.999826
6  0  0  0.711726
7  7  1  0.899881
2  2  1  0.9982
8  8  1  0.99999
3  3  1  1
0  0  1  0.999751
8  8  1  0.999735
7  7  1  0.999965
8  8  1  0.999581
9  4  0  0.890328
0  0  1  0.999993
8  8  1  0.999912
4  4  1  0.999038
4  4  1  0.999996
5  5  1  0.999985
8  8  1  0.999999
5  5  1  0.999086
6  6  1  0.999688
6  6  1  0.999996
3  3  1  0.999953
0  0  1  0.999747
9  9  1  0.999997
3  3  1  1
7  7  1  0.97758
6  5  0  0.800952
8  8  1  0.997047
9  9  1  0.999925
3  3  1  0.999998
4  4  1  0.999991
9  9  1  0.999998
5  5  1  1
8  8  1  0.999991
9  9  1  0.988157
1  1  1  0.999305
2  2  1  1
8  8  1  0.999999
8  8  1  0.999974
6  6  1  0.99994
8  8  1  0.99945
1  1  1  0.999971
3  3  1  0.999999
7  7  1  0.999935
9  9  1  0.999849
0  0  1  0.998745
1  1  1  0.99995
1  1  1  0.999979
4  4  1  0.883004
7  7  1  0.993967
0  0  1  0.999976
8  8  1  0.988449
1  1  1  0.996854
7  7  1  1
4  4  1  0.99999
5  5  1  1
7  7  1  0.999896
1  1  1  0.999947
2  2  1  1
1  1  1  0.999353
1  1  1  0.999898
3  3  1  0.999997
9  9  1  0.843365
6  6  1  1
2  2  1  0.974374
1  1  1  0.999517
2  2  1  0.999913
8  8  1  0.977963
0  8  0  0.571853
7  7  1  0.998199
6  6  1  0.999964
6  6  1  0.999895
9  9  1  0.999946
3  3  1  0.999998
7  7  1  0.996773
0  0  1  0.99956
5  5  1  0.999362
2  2  1  0.999989
8  8  1  0.999682
0  0  1  0.999997
5  5  1  1
4  4  1  0.999749
3  3  1  1
8  8  1  0.999991
4  4  1  0.999984
6  6  1  0.999933
6  6  1  0.999983
2  2  1  0.999943
7  7  1  0.999119
9  9  1  0.999975
5  5  1  0.992913
1  1  1  0.99978
3  3  1  1
2  2  1  0.999993
4  4  1  1
3  3  1  0.999987
6  6  1  0.99998
1  1  1  0.997949
9  9  1  0.999995
4  4  1  0.988438
4  4  1  1
7  7  1  0.999891
6  6  1  1
5  5  1  0.999512
4  4  1  1
1  1  1  0.999908
9  9  1  0.991939
9  9  1  0.999999
2  2  1  1
7  7  1  0.995767
8  8  1  0.999999
0  0  1  0.998598
1  1  1  0.998273
3  3  1  1
6  6  1  0.999999
1  1  1  0.999962
3  3  1  1
4  4  1  0.997842
1  1  1  0.999872
1  1  1  0.999955
1  1  1  0.999951
5  5  1  0.999998
6  6  1  0.998364
0  0  1  0.99999
7  7  1  0.999844
0  0  1  0.999984
7  7  1  0.999948
2  2  1  0.994755
3  3  1  1
2  2  1  0.999752
5  5  1  0.982131
2  2  1  0.990178
2  2  1  0.999999
9  9  1  0.999991
4  4  1  0.999999
9  9  1  0.999993
8  8  1  0.999966
1  1  1  0.999964
2  2  1  0.996947
1  1  1  0.99817
6  6  1  0.999617
1  1  1  0.999974
2  2  1  1
7  7  1  0.999959
8  8  1  0.979887
0  0  1  0.99995
0  0  1  1
0  0  1  0.999886
8  8  1  0.999999
2  2  1  1
2  2  1  1
9  9  1  0.998554
2  2  1  1
2  2  1  1
7  7  1  0.894502
9  9  1  0.999546
9  9  1  0.999742
2  2  1  0.999996
7  7  1  0.999639
5  5  1  0.999864
1  1  1  0.999619
3  3  1  1
4  4  1  0.999996
9  9  1  0.999993
4  4  1  0.99998
1  1  1  0.999895
8  8  1  0.937555
5  5  1  1
6  6  1  0.999993
2  2  1  0.999997
8  8  1  0.999824
3  3  1  1
1  1  1  0.999562
2  2  1  0.999998
8  8  1  0.999995
4  4  1  0.999987
9  9  1  0.999969
9  9  1  0.991288
3  3  1  0.991307
7  7  1  0.99999
0  0  1  1
7  7  1  0.999553
7  7  1  0.999966
2  2  1  0.999031
3  3  1  1
2  2  1  0.970574
4  4  1  0.999984
0  0  1  1
